"ameslist.SalePrice" "ameslist.YearBuilt" "ameslist.YearRemodAdd" "ameslist.BsmtFinSF1" "ameslist.BsmtUnfSF" "ameslist.BsmtFinSF2" "ameslist.TotalBsmtSF" "ameslist.X1stFlrSF" "ameslist.X2ndFlrSF" "ameslist.LowQualFinSF" "ameslist.GrLivArea" "ameslist.FullBath"
"1" 208500 2003 2003 706 150 0 856 856 854 0 1710 2
"2" 181500 1976 1976 978 284 0 1262 1262 0 0 1262 2
"3" 223500 2001 2002 486 434 0 920 920 866 0 1786 2
"4" 140000 1915 1970 216 540 0 756 961 756 0 1717 1
"5" 250000 2000 2000 655 490 0 1145 1145 1053 0 2198 2
"6" 143000 1993 1995 732 64 0 796 796 566 0 1362 1
"7" 307000 2004 2005 1369 317 0 1686 1694 0 0 1694 2
"8" 200000 1973 1973 859 216 32 1107 1107 983 0 2090 2
"9" 129900 1931 1950 0 952 0 952 1022 752 0 1774 2
"10" 118000 1939 1950 851 140 0 991 1077 0 0 1077 1
"11" 129500 1965 1965 906 134 0 1040 1040 0 0 1040 1
"12" 345000 2005 2006 998 177 0 1175 1182 1142 0 2324 3
"13" 144000 1962 1962 737 175 0 912 912 0 0 912 1
"14" 279500 2006 2007 0 1494 0 1494 1494 0 0 1494 2
"15" 157000 1960 1960 733 520 0 1253 1253 0 0 1253 1
"16" 132000 1929 2001 0 832 0 832 854 0 0 854 1
"17" 149000 1970 1970 578 426 0 1004 1004 0 0 1004 1
"18" 90000 1967 1967 0 0 0 0 1296 0 0 1296 2
"19" 159000 2004 2004 646 468 0 1114 1114 0 0 1114 1
"20" 139000 1958 1965 504 525 0 1029 1339 0 0 1339 1
"21" 325300 2005 2006 0 1158 0 1158 1158 1218 0 2376 3
"22" 139400 1930 1950 0 637 0 637 1108 0 0 1108 1
"23" 230000 2002 2002 0 1777 0 1777 1795 0 0 1795 2
"24" 129900 1976 1976 840 200 0 1040 1060 0 0 1060 1
"25" 154000 1968 2001 188 204 668 1060 1060 0 0 1060 1
"26" 256300 2007 2007 0 1566 0 1566 1600 0 0 1600 2
"27" 134800 1951 2000 234 180 486 900 900 0 0 900 1
"28" 306000 2007 2008 1218 486 0 1704 1704 0 0 1704 2
"29" 207500 1957 1997 1277 207 0 1484 1600 0 0 1600 1
"30" 68500 1927 1950 0 520 0 520 520 0 0 520 1
"31" 40000 1920 1950 0 649 0 649 649 668 0 1317 1
"32" 149350 1966 2006 0 1228 0 1228 1228 0 0 1228 1
"33" 179900 2007 2007 0 1234 0 1234 1234 0 0 1234 2
"34" 165500 1959 1959 1018 380 0 1398 1700 0 0 1700 1
"35" 277500 2005 2005 1153 408 0 1561 1561 0 0 1561 2
"36" 309000 2004 2005 0 1117 0 1117 1132 1320 0 2452 3
"37" 145000 1994 1995 0 1097 0 1097 1097 0 0 1097 1
"38" 153000 1954 1990 1213 84 0 1297 1297 0 0 1297 1
"39" 109000 1953 2007 731 326 0 1057 1057 0 0 1057 1
"40" 82000 1955 1955 0 0 0 0 1152 0 0 1152 2
"41" 160000 1965 1965 643 445 0 1088 1324 0 0 1324 2
"42" 170000 1959 1959 967 383 0 1350 1328 0 0 1328 1
"43" 144000 1983 1983 747 0 93 840 884 0 0 884 1
"44" 130250 1975 1980 280 167 491 938 938 0 0 938 1
"45" 141000 1959 1959 179 465 506 1150 1150 0 0 1150 1
"46" 319900 2005 2005 456 1296 0 1752 1752 0 0 1752 2
"47" 239686 2003 2003 1351 83 0 1434 1518 631 0 2149 1
"48" 249700 2006 2006 24 1632 0 1656 1656 0 0 1656 2
"49" 113000 1920 2008 0 736 0 736 736 716 0 1452 2
"50" 127000 1966 1966 763 192 0 955 955 0 0 955 1
"51" 177000 1997 1997 182 612 0 794 794 676 0 1470 2
"52" 114500 1934 1950 0 816 0 816 816 0 360 1176 1
"53" 110000 1963 1963 104 0 712 816 816 0 0 816 1
"54" 385000 1981 1987 1810 32 0 1842 1842 0 0 1842 0
"55" 130000 1955 1955 384 0 0 384 1360 0 0 1360 1
"56" 180500 1964 1964 490 935 0 1425 1425 0 0 1425 2
"57" 172500 1999 2000 649 321 0 970 983 756 0 1739 2
"58" 196500 2004 2004 0 860 0 860 860 860 0 1720 2
"59" 438780 2006 2006 0 1410 0 1410 1426 1519 0 2945 3
"60" 124900 1972 1972 632 148 0 780 780 0 0 780 1
"61" 158000 2004 2004 941 217 0 1158 1158 0 0 1158 1
"62" 101000 1920 1996 0 530 0 530 581 530 0 1111 1
"63" 202500 2006 2006 24 1346 0 1370 1370 0 0 1370 2
"64" 140000 1921 1950 0 576 0 576 902 808 0 1710 2
"65" 219500 1997 1998 739 318 0 1057 1057 977 0 2034 2
"66" 317000 2004 2005 0 1143 0 1143 1143 1330 0 2473 2
"67" 180000 1970 1989 912 1035 0 1947 2207 0 0 2207 2
"68" 226000 2003 2003 1013 440 0 1453 1479 0 0 1479 2
"69" 80000 1945 1950 0 747 0 747 747 0 0 747 1
"70" 225000 1953 1953 603 701 0 1304 1304 983 0 2287 2
"71" 244000 1973 1973 1880 343 0 2223 2223 0 0 2223 2
"72" 129500 1982 2006 565 280 0 845 845 0 0 845 1
"73" 185000 1998 1998 0 832 0 832 885 833 0 1718 2
"74" 144900 1954 2003 320 404 362 1086 1086 0 0 1086 1
"75" 107400 1915 1950 0 840 0 840 840 765 0 1605 2
"76" 91000 1973 1973 462 0 0 462 526 462 0 988 1
"77" 135750 1956 1956 228 724 0 952 952 0 0 952 1
"78" 127000 1948 2001 336 295 41 672 1072 213 0 1285 1
"79" 136500 1968 1968 0 1768 0 1768 1768 0 0 1768 2
"80" 110000 1910 1981 0 440 0 440 682 548 0 1230 1
"81" 193500 1968 1968 448 448 0 896 1182 960 0 2142 2
"82" 153500 1998 1998 1201 36 0 1237 1337 0 0 1337 2
"83" 245000 2007 2007 33 1530 0 1563 1563 0 0 1563 2
"84" 126500 1960 1960 0 1065 0 1065 1065 0 0 1065 1
"85" 168500 1995 1996 0 384 0 384 804 670 0 1474 2
"86" 260000 1991 1992 0 1288 0 1288 1301 1116 0 2417 2
"87" 174000 2005 2005 0 684 0 684 684 876 0 1560 2
"88" 164500 2009 2009 0 612 0 612 612 612 0 1224 2
"89" 85000 1915 1982 0 1013 0 1013 1013 0 513 1526 1
"90" 123600 1994 1995 588 402 0 990 990 0 0 990 1
"91" 109900 1950 1950 0 0 0 0 1040 0 0 1040 1
"92" 98600 1961 1961 600 635 0 1235 1235 0 0 1235 1
"93" 163500 1921 2006 713 163 0 876 964 0 0 964 1
"94" 133900 1910 1998 1046 168 0 1214 1260 1031 0 2291 2
"95" 204750 1997 1997 648 176 0 824 905 881 0 1786 2
"96" 185000 1993 1993 310 370 0 680 680 790 0 1470 2
"97" 214000 1999 1999 1162 426 0 1588 1588 0 0 1588 2
"98" 94750 1965 1965 520 440 0 960 960 0 0 960 1
"99" 83000 1920 1950 108 350 0 458 835 0 0 835 1
"100" 128950 1959 1959 569 381 0 950 1225 0 0 1225 1
"101" 205000 1977 2001 1200 410 0 1610 1610 0 0 1610 2
"102" 178000 1985 1985 0 741 0 741 977 755 0 1732 2
"103" 118964 1979 1979 0 0 0 0 1535 0 0 1535 2
"104" 198900 2009 2009 0 1226 0 1226 1226 0 0 1226 2
"105" 169500 1931 1950 224 816 0 1040 1226 592 0 1818 1
"106" 250000 2003 2004 0 1053 0 1053 1053 939 0 1992 2
"107" 100000 1885 1995 0 641 0 641 1047 0 0 1047 1
"108" 115000 1948 1950 104 516 169 789 789 0 0 789 1
"109" 115000 1919 2005 0 793 0 793 997 520 0 1517 2
"110" 190000 1977 1977 705 1139 0 1844 1844 0 0 1844 2
"111" 136900 1954 1972 444 550 0 994 1216 639 0 1855 2
"112" 180000 2000 2000 250 134 0 384 774 656 0 1430 2
"113" 383970 2007 2007 984 280 0 1264 1282 1414 0 2696 2
"114" 217000 1953 1953 35 905 869 1809 2259 0 0 2259 2
"115" 259500 1945 2002 774 104 150 1028 1436 884 0 2320 2
"116" 176000 1999 1999 419 310 0 729 729 729 0 1458 2
"117" 139000 1962 1962 170 252 670 1092 1092 0 0 1092 1
"118" 155000 2006 2007 0 1125 0 1125 1125 0 0 1125 1
"119" 320000 1990 1990 1470 203 0 1673 1699 1523 0 3222 3
"120" 163990 2005 2006 0 728 0 728 728 728 0 1456 2
"121" 180000 1969 1969 938 0 0 938 988 0 0 988 1
"122" 100000 1939 1950 0 732 0 732 772 351 0 1123 1
"123" 136000 1958 1958 570 510 0 1080 1080 0 0 1080 1
"124" 153900 1993 1993 300 899 0 1199 1199 0 0 1199 2
"125" 181000 1979 1998 0 1362 0 1362 1586 0 0 1586 2
"126" 84500 1935 1982 490 30 0 520 520 0 234 754 1
"127" 128000 1976 1976 120 958 0 1078 958 0 0 958 2
"128" 87000 1930 1950 116 556 0 672 840 0 0 840 1
"129" 155000 1966 1966 512 148 0 660 660 688 0 1348 1
"130" 150000 1958 1991 567 413 28 1008 1053 0 0 1053 1
"131" 226000 1966 1966 445 479 0 924 1216 941 0 2157 2
"132" 244000 2000 2000 695 297 0 992 1022 1032 0 2054 2
"133" 150750 1959 2002 405 658 0 1063 1327 0 0 1327 1
"134" 220000 2001 2002 1005 262 0 1267 1296 0 0 1296 2
"135" 180000 1968 1993 570 891 0 1461 1721 0 0 1721 2
"136" 174000 1970 1970 0 1304 0 1304 1682 0 0 1682 2
"137" 143000 1967 1967 695 519 0 1214 1214 0 0 1214 2
"138" 171000 1988 1989 0 1907 0 1907 1959 0 0 1959 3
"139" 230000 1999 2000 668 336 0 1004 1004 848 0 1852 2
"140" 231500 1997 1997 821 107 0 928 928 836 0 1764 2
"141" 115000 1971 1971 432 432 0 864 864 0 0 864 1
"142" 260000 2005 2005 1300 434 0 1734 1734 0 0 1734 2
"143" 166000 1952 1952 507 403 0 910 910 475 0 1385 2
"144" 204000 1999 1999 679 811 0 1490 1501 0 0 1501 2
"145" 125000 1963 1963 1332 396 0 1728 1728 0 0 1728 2
"146" 130000 2004 2006 0 970 0 970 970 739 0 1709 2
"147" 105000 1931 1993 209 506 0 715 875 0 0 875 1
"148" 222500 2001 2001 0 884 0 884 884 1151 0 2035 2
"149" 141000 2004 2005 680 400 0 1080 1080 0 0 1080 1
"150" 115000 1936 1950 0 896 0 896 896 448 0 1344 1
"151" 122000 1975 1975 716 253 0 969 969 0 0 969 1
"152" 372402 2007 2008 1400 310 0 1710 1710 0 0 1710 2
"153" 190000 1971 1971 416 409 0 825 1097 896 0 1993 2
"154" 235000 1960 1975 429 93 1080 1602 1252 0 0 1252 1
"155" 125000 1923 1950 0 1200 0 1200 1200 0 0 1200 1
"156" 79000 1924 1950 0 572 0 572 572 524 0 1096 1
"157" 109500 1950 1950 0 0 0 0 1040 0 0 1040 1
"158" 269500 2009 2010 0 774 0 774 774 1194 0 1968 2
"159" 254900 2004 2005 222 769 0 991 991 956 0 1947 2
"160" 320000 2005 2006 57 1335 0 1392 1392 1070 0 2462 2
"161" 162500 1984 1984 660 572 0 1232 1232 0 0 1232 2
"162" 412500 2003 2004 1016 556 0 1572 1572 1096 0 2668 2
"163" 220000 2005 2005 1201 340 0 1541 1541 0 0 1541 2
"164" 103200 1956 1956 0 882 0 882 882 0 0 882 1
"165" 152000 1926 2004 370 779 0 1149 1149 467 0 1616 2
"166" 127500 1940 1999 351 112 181 644 808 547 0 1355 2
"167" 190000 1955 1993 379 470 768 1617 1867 0 0 1867 1
"168" 325624 2007 2007 1288 294 0 1582 1610 551 0 2161 1
"169" 183500 2004 2004 0 840 0 840 840 880 0 1720 2
"170" 228000 1981 1981 0 1686 0 1686 1707 0 0 1707 2
"171" 128500 1941 1950 360 360 0 720 854 0 528 1382 1
"172" 215000 1960 1960 639 441 0 1080 1656 0 0 1656 1
"173" 239000 1987 1987 495 354 215 1064 1064 703 0 1767 2
"174" 163000 1961 1961 288 700 374 1362 1362 0 0 1362 1
"175" 184000 1986 1986 1398 0 208 1606 1651 0 0 1651 2
"176" 243000 1950 2001 477 725 0 1202 2158 0 0 2158 2
"177" 211000 1988 1989 831 320 0 1151 1164 896 0 2060 2
"178" 172500 1958 1958 57 554 441 1052 1252 668 0 1920 2
"179" 501837 2008 2009 1904 312 0 2216 2234 0 0 2234 2
"180" 100000 1923 2006 0 968 0 968 968 0 0 968 1
"181" 177000 2000 2000 436 320 0 756 769 756 0 1525 2
"182" 200100 1920 1950 352 441 0 793 901 901 0 1802 1
"183" 120000 1957 2006 0 0 0 0 1340 0 0 1340 1
"184" 200000 2003 2003 0 1362 0 1362 1362 720 0 2082 2
"185" 127000 1908 1991 0 504 0 504 936 316 0 1252 1
"186" 475000 1892 1993 0 1107 0 1107 1518 1518 572 3608 2
"187" 173000 1990 1991 611 577 0 1188 1217 0 0 1217 2
"188" 135000 1916 1987 0 660 0 660 808 704 144 1656 2
"189" 153337 1979 1979 1086 0 0 1086 1224 0 0 1224 0
"190" 286000 2001 2002 1153 440 0 1593 1593 0 0 1593 1
"191" 315000 1932 1994 297 556 0 853 1549 1178 0 2727 2
"192" 184000 1972 2004 626 99 0 725 725 754 0 1479 1
"193" 192000 1999 1999 560 871 0 1431 1431 0 0 1431 2
"194" 130000 2004 2004 0 970 0 970 970 739 0 1709 2
"195" 127000 1972 1972 390 474 0 864 864 0 0 864 1
"196" 148500 1976 1976 566 289 0 855 855 601 0 1456 2
"197" 311872 2007 2007 1126 600 0 1726 1726 0 0 1726 2
"198" 235000 1918 1990 1036 140 184 1360 1360 1360 392 3112 2
"199" 104000 1912 1950 0 755 0 755 929 929 371 2229 1
"200" 274900 2004 2005 1088 625 0 1713 1713 0 0 1713 2
"201" 140000 2003 2004 0 1121 0 1121 1121 0 0 1121 2
"202" 171500 1977 1977 641 276 279 1196 1279 0 0 1279 2
"203" 112000 1924 1950 617 0 0 617 865 445 0 1310 2
"204" 149000 2004 2004 662 186 0 848 848 0 0 848 1
"205" 110000 1947 1950 312 408 0 720 720 564 0 1284 1
"206" 180500 1990 1990 0 1424 0 1424 1442 0 0 1442 2
"207" 143900 1962 1962 0 1140 0 1140 1696 0 0 1696 1
"208" 141000 1960 1960 419 375 306 1100 1100 0 0 1100 1
"209" 277000 1988 1989 1065 92 0 1157 1180 882 0 2062 2
"210" 145000 1964 1964 787 305 0 1092 1092 0 0 1092 1
"211" 98000 1925 1950 468 396 0 864 864 0 0 864 1
"212" 186000 2009 2009 36 1176 0 1212 1212 0 0 1212 2
"213" 252678 2009 2009 822 78 0 900 932 920 0 1852 2
"214" 156000 1995 1995 716 274 0 990 990 0 0 990 1
"215" 161750 1977 1977 378 311 0 689 689 703 0 1392 1
"216" 134450 1957 1996 360 710 0 1070 1236 0 0 1236 1
"217" 210000 2004 2004 946 490 0 1436 1436 0 0 1436 2
"218" 107000 1925 1950 0 686 0 686 810 518 0 1328 1
"219" 311500 1939 2006 341 457 0 798 1137 817 0 1954 1
"220" 167240 2005 2006 16 1232 0 1248 1248 0 0 1248 2
"221" 204900 2006 2006 0 1498 0 1498 1498 0 0 1498 2
"222" 200000 2002 2002 0 1010 0 1010 1010 1257 0 2267 2
"223" 179900 1975 1975 550 163 0 713 811 741 0 1552 2
"224" 97000 1971 1971 524 160 180 864 864 0 0 864 1
"225" 386250 2003 2003 56 2336 0 2392 2392 0 0 2392 2
"226" 112000 1971 1971 0 630 0 630 630 672 0 1302 2
"227" 290000 1995 1995 565 638 0 1203 1214 1306 0 2520 2
"228" 106000 1970 1970 321 162 0 483 483 504 0 987 1
"229" 125000 1967 1967 842 70 0 912 912 0 0 912 1
"230" 192500 2005 2006 16 1357 0 1373 1555 0 0 1555 2
"231" 148000 1959 1959 0 1194 0 1194 1194 0 0 1194 1
"232" 403000 1995 1996 689 773 0 1462 1490 1304 0 2794 2
"233" 94500 1972 1972 0 483 0 483 483 504 0 987 1
"234" 128200 1976 1976 182 0 712 894 894 0 0 894 1
"235" 216500 2002 2002 625 235 0 860 860 1100 0 1960 2
"236" 89500 1971 1971 358 125 0 483 483 504 0 987 1
"237" 185500 2004 2004 24 1390 0 1414 1414 0 0 1414 2
"238" 194500 1993 2003 402 594 0 996 1014 730 0 1744 2
"239" 318000 2007 2007 0 1694 0 1694 1694 0 0 1694 2
"240" 113000 1945 1950 94 641 0 735 798 689 0 1487 1
"241" 262500 2008 2008 1078 488 0 1566 1566 0 0 1566 2
"242" 110500 1945 1997 329 357 0 686 866 0 0 866 1
"243" 79000 1900 1950 0 540 0 540 889 551 0 1440 1
"244" 120000 1980 1980 0 626 0 626 626 591 0 1217 1
"245" 205000 1994 2002 695 253 0 948 1222 888 0 2110 2
"246" 241500 1988 1988 929 916 0 1845 1872 0 0 1872 2
"247" 137000 1910 1950 0 1020 0 1020 908 1020 0 1928 2
"248" 140000 1954 1954 0 1367 0 1367 1375 0 0 1375 1
"249" 180000 2003 2003 0 840 0 840 840 828 0 1668 2
"250" 277000 1958 2006 697 747 0 1444 1444 700 0 2144 2
"251" 76500 1940 1966 0 728 0 728 1306 0 0 1306 1
"252" 235000 2006 2007 1573 0 0 1573 1625 0 0 1625 2
"253" 173000 2004 2004 0 798 0 798 798 842 0 1640 2
"254" 158000 1964 1991 270 452 580 1302 1302 0 0 1302 2
"255" 145000 1957 1957 922 392 0 1314 1314 0 0 1314 1
"256" 230000 1999 1999 0 975 0 975 1005 1286 0 2291 2
"257" 207500 2003 2003 503 361 0 864 864 864 0 1728 2
"258" 220000 2006 2006 1334 270 0 1604 1604 0 0 1604 2
"259" 231500 2001 2001 361 602 0 963 963 829 0 1792 2
"260" 97000 1956 1956 0 0 0 0 882 0 0 882 1
"261" 176000 1962 1962 672 0 690 1362 1382 0 0 1382 1
"262" 276000 2007 2007 0 1482 0 1482 1482 1092 0 2574 2
"263" 151000 1977 1995 506 0 0 506 1212 0 0 1212 1
"264" 130000 1929 2001 234 0 692 926 926 0 390 1316 1
"265" 73000 1925 2004 0 680 0 680 764 0 0 764 1
"266" 175500 1981 1981 588 606 228 1422 1422 0 0 1422 2
"267" 185000 1997 1997 714 88 0 802 802 709 0 1511 2
"268" 179500 1939 1997 378 342 0 720 1052 720 420 2192 2
"269" 120500 1940 1955 403 212 125 740 778 0 0 778 1
"270" 148000 1976 1976 751 392 0 1143 1113 0 0 1113 1
"271" 266000 2006 2006 0 1095 0 1095 1095 844 0 1939 2
"272" 241500 1954 2005 226 96 1063 1385 1363 0 0 1363 1
"273" 290000 1999 2007 524 628 0 1152 1164 1106 0 2270 2
"274" 139000 1958 1988 620 0 620 1240 1632 0 0 1632 2
"275" 124500 1982 1982 546 270 0 816 816 0 0 816 1
"276" 205000 1925 2007 0 952 0 952 952 596 0 1548 2
"277" 201000 2003 2003 0 1560 0 1560 1560 0 0 1560 2
"278" 141000 1951 1951 120 744 0 864 864 0 0 864 1
"279" 415298 2006 2007 0 2121 0 2121 2121 0 0 2121 2
"280" 192000 1977 1977 392 768 0 1160 1156 866 0 2022 2
"281" 228500 1989 1989 421 386 0 807 1175 807 0 1982 2
"282" 185000 2006 2006 905 357 0 1262 1262 0 0 1262 2
"283" 207500 2007 2008 904 410 0 1314 1314 0 0 1314 2
"284" 244600 2008 2009 0 1468 0 1468 1468 0 0 1468 2
"285" 179200 1992 1992 430 1145 0 1575 1575 0 0 1575 2
"286" 164700 2006 2007 0 625 0 625 625 625 0 1250 2
"287" 159000 1962 1981 600 312 0 912 1085 649 0 1734 1
"288" 88000 1971 1971 614 244 0 858 858 0 0 858 1
"289" 122000 1967 1967 450 432 0 882 900 0 0 900 1
"290" 153575 1915 2003 0 698 0 698 698 698 0 1396 1
"291" 233230 2006 2006 0 1079 0 1079 1079 840 0 1919 2
"292" 135900 1912 2000 210 570 0 780 936 780 0 1716 2
"293" 131000 1949 2008 292 476 0 768 1148 568 0 1716 1
"294" 235000 1977 1994 795 0 0 795 1468 795 0 2263 2
"295" 167000 1953 1953 1285 131 0 1416 1644 0 0 1644 1
"296" 142500 1984 1984 819 184 0 1003 1003 0 0 1003 1
"297" 152000 1950 1950 420 490 0 910 910 648 0 1558 1
"298" 239000 1997 1998 649 326 0 975 975 975 0 1950 2
"299" 175000 1968 1968 384 143 175 702 1041 702 0 1743 1
"300" 158500 1950 2004 0 1092 0 1092 1152 0 0 1152 1
"301" 157000 1953 1953 841 324 0 1165 1336 0 0 1336 1
"302" 267000 1998 1999 281 747 0 1028 1210 1242 0 2452 2
"303" 205000 2001 2002 0 1541 0 1541 1541 0 0 1541 2
"304" 149900 1972 1972 894 0 0 894 894 0 0 894 1
"305" 295000 1880 2002 0 1470 0 1470 1675 1818 0 3493 3
"306" 305900 2004 2005 1464 536 0 2000 2000 0 0 2000 2
"307" 225000 1990 1991 700 0 0 700 1122 1121 0 2243 2
"308" 89500 1920 1950 0 319 0 319 1035 371 0 1406 1
"309" 82500 1940 1950 262 599 0 861 861 0 0 861 1
"310" 360000 2003 2004 1274 622 0 1896 1944 0 0 1944 2
"311" 165600 1993 1994 518 179 0 697 697 804 0 1501 2
"312" 132000 1948 2002 680 292 0 972 972 0 0 972 1
"313" 119900 1939 1950 507 286 0 793 793 325 0 1118 1
"314" 375000 1965 1965 1236 80 820 2136 2036 0 0 2036 2
"315" 178000 1925 1990 16 712 0 728 832 809 0 1641 1
"316" 188500 2004 2005 425 291 0 716 716 716 0 1432 2
"317" 260000 1980 1980 692 153 0 845 1153 1200 0 2353 2
"318" 270000 2006 2006 0 1088 0 1088 1088 871 0 1959 2
"319" 260000 1993 1993 987 360 0 1347 1372 1274 0 2646 2
"320" 187500 1980 1980 1036 336 0 1372 1472 0 0 1472 2
"321" 342643 2006 2006 0 1249 0 1249 1249 1347 0 2596 3
"322" 354000 2004 2004 970 166 0 1136 1136 1332 0 2468 2
"323" 301000 1986 1987 28 0 1474 1502 1553 1177 0 2730 2
"324" 126175 1955 2005 256 906 0 1162 1163 0 0 1163 1
"325" 242000 1967 2007 0 710 0 710 1898 1080 0 2978 2
"326" 87000 1941 1950 116 604 0 720 803 0 0 803 1
"327" 324000 1993 1993 1619 100 0 1719 1719 0 0 1719 1
"328" 145250 1960 1960 565 818 0 1383 1383 0 0 1383 1
"329" 214500 1916 1994 0 844 0 844 1445 689 0 2134 2
"330" 78000 1920 1950 0 596 0 596 596 596 0 1192 1
"331" 119000 1964 1964 40 1424 264 1728 1728 0 0 1728 2
"332" 139000 1958 1992 846 210 0 1056 1056 0 0 1056 1
"333" 284000 2003 2004 1124 1603 479 3206 1629 0 0 1629 2
"334" 207000 2004 2004 720 638 0 1358 1358 0 0 1358 2
"335" 192000 1998 1998 828 115 0 943 943 695 0 1638 2
"336" 228950 1965 1965 1249 103 147 1499 1619 167 0 1786 2
"337" 377426 2005 2006 1249 673 0 1922 1922 0 0 1922 2
"338" 214000 2002 2003 810 726 0 1536 1536 0 0 1536 2
"339" 202500 1984 1998 213 995 0 1208 1621 0 0 1621 2
"340" 155000 1958 1998 585 630 0 1215 1215 0 0 1215 1
"341" 202900 2002 2002 0 967 0 967 993 915 0 1908 2
"342" 82000 1950 1950 0 721 0 721 841 0 0 841 1
"343" 87500 1949 1950 0 0 0 0 1040 0 0 1040 2
"344" 266000 2005 2005 28 1656 0 1684 1684 0 0 1684 2
"345" 85000 1976 1976 129 175 232 536 536 576 0 1112 1
"346" 140200 1939 1950 0 972 0 972 972 605 0 1577 1
"347" 151500 1960 1998 498 460 0 958 958 0 0 958 1
"348" 157500 1960 1960 1270 208 0 1478 1478 0 0 1478 2
"349" 154000 2003 2004 573 191 0 764 764 862 0 1626 2
"350" 437154 2005 2006 1410 438 0 1848 1848 880 0 2728 2
"351" 318061 2007 2007 0 1869 0 1869 1869 0 0 1869 2
"352" 190000 1986 1986 1082 371 0 1453 1453 0 0 1453 1
"353" 95000 1941 1950 236 0 380 616 616 495 0 1111 1
"354" 105900 1928 2003 0 624 0 624 720 0 0 720 1
"355" 140000 1940 2000 388 552 0 940 1192 403 0 1595 1
"356" 177500 1995 1995 334 322 544 1200 1200 0 0 1200 2
"357" 173000 1992 1992 560 598 0 1158 1167 0 0 1167 2
"358" 134000 1976 1976 874 268 0 1142 1142 0 0 1142 1
"359" 130000 1958 1958 300 468 294 1062 1352 0 0 1352 1
"360" 280000 1998 1998 956 130 0 1086 1086 838 0 1924 2
"361" 156000 1978 1978 773 115 0 888 912 0 0 912 1
"362" 145000 1940 1982 399 484 0 883 988 517 0 1505 1
"363" 198500 2003 2003 0 0 0 0 495 1427 0 1922 3
"364" 118000 1972 2007 162 321 0 483 483 504 0 987 1
"365" 190000 1976 1976 712 84 0 796 790 784 0 1574 2
"366" 147000 1920 1997 456 216 0 672 672 672 0 1344 1
"367" 159000 1963 1963 609 785 0 1394 1394 0 0 1394 1
"368" 165000 1962 1962 371 728 0 1099 1431 0 0 1431 1
"369" 132000 1954 1954 540 728 0 1268 1268 0 0 1268 1
"370" 162000 1959 2006 72 733 258 1063 1287 0 0 1287 1
"371" 172400 2000 2000 0 953 0 953 953 711 0 1664 2
"372" 134432 1959 1959 0 0 0 0 1120 468 0 1588 2
"373" 125000 1984 1984 623 0 121 744 752 0 0 752 1
"374" 123000 1953 1953 428 0 180 608 1319 0 0 1319 1
"375" 219500 2003 2004 0 847 0 847 847 1081 0 1928 2
"376" 61000 1922 1950 350 333 0 683 904 0 0 904 0
"377" 148000 1996 1996 298 572 0 870 914 0 0 914 1
"378" 340000 2004 2005 0 1580 0 1580 1580 886 0 2466 3
"379" 394432 2010 2010 1445 411 0 1856 1856 0 0 1856 1
"380" 179000 2000 2000 0 982 0 982 1007 793 0 1800 2
"381" 127000 1924 1950 218 808 0 1026 1026 665 0 1691 2
"382" 187750 2006 2006 0 1293 0 1293 1301 0 0 1301 2
"383" 213500 2006 2006 0 939 0 939 939 858 0 1797 2
"384" 76000 1928 1950 0 784 0 784 784 0 0 784 1
"385" 240000 1992 1992 985 595 0 1580 1079 874 0 1953 2
"386" 192000 2004 2005 24 1232 0 1256 1269 0 0 1269 2
"387" 81000 1910 1996 0 658 0 658 658 526 0 1184 1
"388" 125000 1976 1976 631 410 0 1041 1125 0 0 1125 1
"389" 191000 1999 2000 0 1468 0 1468 1479 0 0 1479 2
"390" 426000 2007 2008 1280 402 0 1682 1742 590 0 2332 2
"391" 119000 1900 1950 241 229 391 861 961 406 0 1367 1
"392" 215000 2001 2002 690 114 0 804 804 1157 0 1961 2
"393" 106500 1959 1959 0 0 0 0 882 0 0 882 1
"394" 100000 1941 1950 266 522 0 788 788 0 0 788 1
"395" 109000 1940 1950 0 735 0 735 735 299 0 1034 1
"396" 129000 1956 1956 739 405 0 1144 1144 0 0 1144 1
"397" 123000 1972 1972 777 117 0 894 894 0 0 894 1
"398" 169500 1962 1962 540 324 0 864 876 936 0 1812 2
"399" 67000 1920 1950 0 961 0 961 1077 0 0 1077 1
"400" 241000 2006 2007 812 280 0 1092 1112 438 0 1550 2
"401" 245500 1996 1996 786 474 0 1260 1288 0 0 1288 1
"402" 164990 2005 2005 24 1286 0 1310 1310 0 0 1310 2
"403" 108000 1940 1997 0 672 0 672 672 0 0 672 1
"404" 258000 1998 1998 0 1141 0 1141 1165 1098 0 2263 2
"405" 168000 1995 1996 0 806 0 806 806 766 0 1572 2
"406" 150000 1976 1993 1116 165 0 1281 1620 0 0 1620 2
"407" 115000 1936 1950 0 1064 0 1064 1166 0 473 1639 1
"408" 177000 1915 1976 0 840 0 840 840 840 0 1680 2
"409" 280000 2006 2006 0 1063 0 1063 1071 1101 0 2172 2
"410" 339750 2007 2008 789 245 0 1034 1050 1028 0 2078 2
"411" 60000 1958 1958 0 1276 0 1276 1276 0 0 1276 1
"412" 145000 1955 1955 1056 0 0 1056 1056 0 0 1056 1
"413" 222000 2009 2009 578 892 0 1470 1478 0 0 1478 2
"414" 115000 1927 1950 0 1008 0 1008 1028 0 0 1028 1
"415" 228000 1993 1993 50 499 531 1080 1080 1017 0 2097 2
"416" 181134 2007 2007 24 1316 0 1340 1340 0 0 1340 2
"417" 149500 1978 1978 209 463 0 672 672 728 0 1400 1
"418" 239000 1918 1950 1128 242 0 1370 1370 1254 0 2624 2
"419" 126000 1940 1950 312 444 0 756 756 378 0 1134 1
"420" 142000 1968 1968 775 281 0 1056 1056 0 0 1056 1
"421" 206300 1997 1998 1309 35 0 1344 1344 0 0 1344 2
"422" 215000 1977 2000 1246 356 0 1602 1602 0 0 1602 2
"423" 113000 1954 1954 0 988 0 988 988 0 0 988 1
"424" 315000 1998 1998 986 484 0 1470 1470 1160 0 2630 2
"425" 139000 1956 1956 616 580 0 1196 1196 0 0 1196 1
"426" 135000 1946 1992 0 651 0 651 707 682 0 1389 1
"427" 275000 1989 1989 1518 0 0 1518 1644 0 0 1644 2
"428" 109008 1957 1957 288 619 0 907 907 0 0 907 1
"429" 195400 2007 2007 664 544 0 1208 1208 0 0 1208 2
"430" 175000 1988 1988 1005 387 0 1392 1412 0 0 1412 2
"431" 85400 1971 1971 387 96 0 483 483 504 0 987 1
"432" 79900 1920 1998 0 901 0 901 1088 110 0 1198 1
"433" 122500 1971 1971 471 294 0 765 765 600 0 1365 1
"434" 181000 1997 1998 0 926 0 926 926 678 0 1604 2
"435" 81000 1972 1972 495 135 0 630 630 0 0 630 1
"436" 212000 1996 1996 385 70 344 799 827 834 0 1661 2
"437" 116000 1920 1950 0 648 0 648 734 384 0 1118 1
"438" 119000 1926 2004 0 884 0 884 904 0 0 904 1
"439" 90350 1913 2002 365 75 0 440 694 0 0 694 1
"440" 110000 1920 2000 0 684 0 684 684 512 0 1196 1
"441" 555000 2008 2008 1767 788 539 3094 2402 0 0 2402 2
"442" 118000 1955 1955 133 1307 0 1440 1440 0 0 1440 2
"443" 162900 1930 1992 0 1078 0 1078 1128 445 0 1573 2
"444" 172500 2006 2007 0 1258 0 1258 1258 0 0 1258 2
"445" 210000 1994 1995 642 273 0 915 933 975 0 1908 2
"446" 127500 1956 1956 0 1436 0 1436 1689 0 0 1689 1
"447" 190000 1966 2002 247 557 713 1517 1888 0 0 1888 2
"448" 199900 1998 1999 0 930 0 930 956 930 0 1886 2
"449" 119500 1937 1950 0 780 0 780 780 596 0 1376 2
"450" 120000 1948 2002 331 318 0 649 679 504 0 1183 1
"451" 110000 1930 2005 0 813 0 813 813 0 0 813 1
"452" 280000 1975 1975 655 878 0 1533 1533 0 0 1533 2
"453" 204000 1996 1997 742 130 0 872 888 868 0 1756 2
"454" 210000 2008 2008 0 768 0 768 786 804 0 1590 2
"455" 188000 1976 1976 1606 122 0 1728 1728 0 0 1728 2
"456" 175500 1973 1973 916 326 0 1242 1242 0 0 1242 1
"457" 98000 1916 1950 0 624 0 624 624 720 0 1344 1
"458" 256000 1954 1994 1116 248 0 1364 1663 0 0 1663 1
"459" 161000 1925 1996 0 588 0 588 833 833 0 1666 1
"460" 110000 1950 1950 185 524 0 709 979 224 0 1203 1
"461" 263435 2009 2009 544 288 0 832 832 1103 0 1935 2
"462" 155000 1936 2007 350 0 210 560 575 560 0 1135 1
"463" 62383 1965 1965 553 0 311 864 864 0 0 864 1
"464" 188700 1934 1995 326 389 0 715 849 811 0 1660 1
"465" 124000 1978 1978 616 424 0 1040 1040 0 0 1040 2
"466" 178740 2004 2004 0 1375 0 1375 1414 0 0 1414 2
"467" 167000 1970 1970 778 499 0 1277 1277 0 0 1277 1
"468" 146500 1942 1995 386 342 0 728 888 756 0 1644 1
"469" 250000 2006 2006 0 1626 0 1626 1634 0 0 1634 2
"470" 187000 1993 1993 426 406 0 832 832 878 0 1710 2
"471" 212000 1985 1985 368 0 1120 1488 1502 0 0 1502 1
"472" 190000 1977 1977 0 808 0 808 1161 808 0 1969 2
"473" 148000 2005 2005 459 88 0 547 1072 0 0 1072 1
"474" 440000 2006 2007 1350 626 0 1976 1976 0 0 1976 2
"475" 251000 2000 2000 1196 298 0 1494 1652 0 0 1652 2
"476" 132500 1963 1963 630 340 0 970 970 0 0 970 1
"477" 208900 1997 1998 994 484 0 1478 1493 0 0 1493 2
"478" 380000 2006 2006 0 2153 0 2153 2069 574 0 2643 2
"479" 297000 2007 2008 1288 417 0 1705 1718 0 0 1718 2
"480" 89471 1937 2000 168 739 0 907 1131 0 0 1131 1
"481" 326000 2004 2005 1261 572 0 1833 1850 0 0 1850 2
"482" 374000 2003 2004 1567 225 0 1792 1792 0 0 1792 2
"483" 155000 1915 2005 299 611 0 910 916 910 0 1826 1
"484" 164000 1998 1998 897 319 0 1216 1216 0 0 1216 2
"485" 132500 1962 2001 588 411 0 999 999 0 0 999 1
"486" 147000 1950 2007 607 506 0 1113 1113 0 0 1113 1
"487" 156000 1965 1965 836 237 0 1073 1073 0 0 1073 1
"488" 175000 1971 1971 998 486 0 1484 1484 0 0 1484 2
"489" 160000 1900 1970 664 290 0 954 1766 648 0 2414 2
"490" 86000 1970 2002 515 115 0 630 630 0 0 630 1
"491" 115000 1976 1976 0 264 0 264 616 688 0 1304 1
"492" 133000 1941 1950 403 238 165 806 958 620 0 1578 1
"493" 172785 2006 2006 0 728 0 728 728 728 0 1456 2
"494" 155000 1960 1960 374 363 532 1269 1269 0 0 1269 1
"495" 91300 1938 1996 0 190 0 190 886 0 0 886 1
"496" 34900 1920 1950 495 225 0 720 720 0 0 720 1
"497" 430000 1992 1993 1231 1969 0 3200 3228 0 0 3228 3
"498" 184000 1925 1950 329 697 0 1026 1133 687 0 1820 2
"499" 130000 1967 2004 450 414 0 864 899 0 0 899 1
"500" 120000 1958 1985 111 522 279 912 912 0 0 912 1
"501" 113000 1973 1973 356 316 0 672 672 546 0 1218 1
"502" 226700 2005 2005 400 466 0 866 866 902 0 1768 2
"503" 140000 1965 1965 698 420 96 1214 1214 0 0 1214 1
"504" 289000 1959 1997 1247 254 0 1501 1801 0 0 1801 2
"505" 147000 1974 1974 257 103 495 855 855 467 0 1322 2
"506" 124500 1952 1952 0 960 0 960 960 1000 0 1960 2
"507" 215000 1993 1994 380 397 0 777 1065 846 0 1911 2
"508" 208300 2009 2009 27 1191 0 1218 1218 0 0 1218 2
"509" 161000 1928 2005 141 548 0 689 689 689 0 1378 2
"510" 124500 1959 1959 991 50 0 1041 1041 0 0 1041 1
"511" 164900 1951 2000 650 178 180 1008 1363 0 0 1363 1
"512" 202665 2005 2006 0 1368 0 1368 1368 0 0 1368 2
"513" 129900 1958 1958 521 169 174 864 864 0 0 864 1
"514" 134000 1983 1983 336 748 0 1084 1080 0 0 1080 1
"515" 96500 1926 1950 0 768 0 768 789 0 0 789 1
"516" 402861 2009 2009 1436 570 0 2006 2020 0 0 2020 2
"517" 158000 1972 1972 0 689 0 689 1378 741 0 2119 2
"518" 265000 1996 1997 0 1264 0 1264 1277 1067 0 2344 2
"519" 211000 1998 1998 706 88 0 794 882 914 0 1796 2
"520" 234000 1926 2004 0 1276 0 1276 1276 804 0 2080 1
"521" 106250 1900 2000 0 0 0 0 694 600 0 1294 2
"522" 150000 1957 1957 777 467 0 1244 1244 0 0 1244 1
"523" 159000 1947 1950 399 605 0 1004 1004 660 0 1664 2
"524" 184750 2007 2008 2260 878 0 3138 3138 1538 0 4676 3
"525" 315750 1996 1997 719 660 0 1379 1383 1015 0 2398 2
"526" 176000 2005 2005 0 1257 0 1257 1266 0 0 1266 2
"527" 132000 1956 2000 377 551 0 928 928 0 0 928 1
"528" 446261 2008 2008 1330 122 0 1452 1476 1237 0 2713 2
"529" 86000 1920 2002 348 180 0 528 605 0 0 605 1
"530" 200624 1957 1975 1219 816 0 2035 2515 0 0 2515 3
"531" 175000 1988 1989 783 678 0 1461 1509 0 0 1509 2
"532" 128000 1920 1999 0 611 0 611 751 611 0 1362 2
"533" 107500 1955 2007 0 0 0 0 827 0 0 827 1
"534" 39300 1946 1950 0 0 0 0 334 0 0 334 1
"535" 178000 2004 2004 0 707 0 707 707 707 0 1414 2
"536" 107500 1910 1991 969 148 0 1117 820 527 0 1347 1
"537" 188000 1998 1999 0 880 0 880 880 844 0 1724 2
"538" 111250 1972 1972 600 264 0 864 864 0 0 864 1
"539" 158000 1968 1968 673 378 0 1051 1159 0 0 1159 1
"540" 272000 2001 2002 1358 223 0 1581 1601 0 0 1601 2
"541" 315000 2006 2006 1260 578 0 1838 1838 0 0 1838 2
"542" 248000 2000 2000 0 969 0 969 997 1288 0 2285 2
"543" 213250 1998 1999 144 379 1127 1650 1680 0 0 1680 2
"544" 133000 1998 1998 584 0 139 723 767 0 0 767 1
"545" 179665 2006 2006 554 100 0 654 664 832 0 1496 2
"546" 229000 1988 1988 1002 0 202 1204 1377 806 0 2183 2
"547" 210000 1923 1950 300 765 0 1065 915 720 0 1635 1
"548" 129500 1970 1970 619 149 0 768 768 0 0 768 1
"549" 125000 1955 1995 180 0 645 825 825 0 0 825 1
"550" 263000 2003 2004 0 912 0 912 912 1182 0 2094 2
"551" 140000 1977 1977 559 510 0 1069 1069 0 0 1069 2
"552" 112500 1957 1957 308 620 0 928 928 0 0 928 1
"553" 255500 2006 2006 0 1709 0 1709 1717 0 0 1717 2
"554" 108000 1949 2003 0 0 0 0 1126 0 0 1126 2
"555" 284000 2003 2004 866 132 0 998 1006 1040 0 2046 2
"556" 113000 1922 1950 0 993 0 993 1048 0 0 1048 1
"557" 141000 1957 1957 895 197 0 1092 1092 0 0 1092 1
"558" 108000 1920 1950 637 0 0 637 897 439 0 1336 1
"559" 175000 1996 1997 604 125 0 729 729 717 0 1446 2
"560" 234000 2003 2004 0 1374 0 1374 1557 0 0 1557 2
"561" 121500 1957 1996 1302 90 0 1392 1392 0 0 1392 1
"562" 170000 1974 1975 1071 195 123 1389 1389 0 0 1389 1
"563" 108000 1940 1969 290 706 0 996 996 0 0 996 1
"564" 185000 1918 1950 0 1163 0 1163 1163 511 0 1674 2
"565" 268000 1992 2000 728 367 0 1095 1166 1129 0 2295 2
"566" 128000 1915 1950 0 806 0 806 841 806 0 1647 1
"567" 325000 2005 2007 0 1122 0 1122 1134 1370 0 2504 2
"568" 214000 2004 2004 2 1515 0 1517 1535 0 0 1535 2
"569" 316600 1983 2009 1441 55 0 1496 1496 636 0 2132 1
"570" 135960 1979 1979 943 0 0 943 943 0 0 943 1
"571" 142600 1965 1965 231 1497 0 1728 1728 0 0 1728 2
"572" 120000 1959 1959 414 450 0 864 864 0 0 864 1
"573" 224500 2009 2009 0 846 0 846 846 846 0 1692 2
"574" 170000 2000 2000 0 384 0 384 774 656 0 1430 2
"575" 139000 1971 2005 349 23 0 372 576 533 0 1109 1
"576" 118500 1947 1950 442 390 0 832 832 384 0 1216 1
"577" 145000 1928 1950 0 861 0 861 877 600 0 1477 2
"578" 164500 1966 1966 328 285 551 1164 1320 0 0 1320 1
"579" 146000 2007 2007 0 689 0 689 703 689 0 1392 2
"580" 131500 1954 1954 0 1050 0 1050 1050 745 0 1795 2
"581" 181900 1960 1987 594 331 219 1144 1429 0 0 1429 1
"582" 253293 2008 2009 0 2042 0 2042 2042 0 0 2042 2
"583" 118500 1990 1990 816 0 0 816 816 0 0 816 1
"584" 325000 1893 2000 0 1237 0 1237 1521 1254 0 2775 3
"585" 133000 1935 1995 0 884 0 884 989 584 0 1573 1
"586" 369900 2005 2006 1460 408 0 1868 2028 0 0 2028 2
"587" 130000 1918 2000 210 0 606 816 838 0 0 838 1
"588" 137000 1982 1982 672 168 0 840 860 0 0 860 1
"589" 143000 1968 2003 1324 113 0 1437 1473 0 0 1473 1
"590" 79500 1930 1960 0 742 0 742 779 0 156 935 1
"591" 185900 2004 2004 490 280 0 770 770 812 0 1582 2
"592" 451950 2008 2008 1338 384 0 1722 1728 568 0 2296 2
"593" 138000 1982 2003 816 0 0 816 816 0 0 816 1
"594" 140000 2003 2003 685 163 0 848 848 0 0 848 1
"595" 110000 1975 1975 0 924 0 924 924 0 0 924 1
"596" 319000 2005 2006 1422 392 0 1814 1826 0 0 1826 2
"597" 114504 1910 1993 0 684 0 684 684 684 0 1368 1
"598" 194201 2006 2007 0 1258 0 1258 1402 0 0 1402 0
"599" 217500 1977 1977 1283 0 147 1430 1647 0 0 1647 2
"600" 151000 1980 1980 81 23 612 716 716 840 0 1556 2
"601" 275000 2005 2005 546 512 0 1058 1058 846 0 1904 2
"602" 141000 1937 1950 0 780 0 780 780 595 0 1375 1
"603" 220000 1992 1992 789 119 0 908 927 988 0 1915 2
"604" 151000 2004 2005 0 600 0 600 600 600 0 1200 2
"605" 221000 2002 2002 922 572 0 1494 1494 0 0 1494 2
"606" 205000 1965 1990 454 314 0 768 1186 800 0 1986 2
"607" 152000 1996 1996 732 308 0 1040 1040 0 0 1040 1
"608" 225000 1948 2002 603 293 0 896 1112 896 0 2008 3
"609" 359100 1934 1998 428 537 0 965 1940 1254 0 3194 2
"610" 118500 1961 1961 903 126 0 1029 1029 0 0 1029 1
"611" 313000 2000 2000 904 536 0 1440 1476 677 0 2153 2
"612" 148000 1978 1978 605 427 0 1032 1032 0 0 1032 2
"613" 261500 2001 2001 990 309 0 1299 1299 573 0 1872 2
"614" 147000 2007 2007 206 914 0 1120 1120 0 0 1120 1
"615" 75500 1972 1972 150 0 480 630 630 0 0 630 1
"616" 137500 1963 1963 763 173 0 936 1054 0 0 1054 1
"617" 183200 2002 2003 457 326 0 783 807 702 0 1509 2
"618" 105500 1954 1954 0 832 0 832 832 0 0 832 1
"619" 314813 2007 2007 48 1774 0 1822 1828 0 0 1828 2
"620" 305000 2003 2003 871 611 0 1482 1482 780 0 2262 2
"621" 67000 1914 1950 41 823 0 864 864 0 0 864 1
"622" 240000 1974 1997 956 384 182 1522 1548 1066 0 2614 2
"623" 135000 1977 1977 560 420 0 980 980 0 0 980 1
"624" 168500 2000 2000 420 336 0 756 756 756 0 1512 2
"625" 165150 1972 1972 247 485 0 732 1012 778 0 1790 1
"626" 160000 1962 1962 0 1116 0 1116 1116 0 0 1116 1
"627" 139900 1960 1978 0 978 0 978 1422 0 0 1422 1
"628" 153000 1955 1972 674 350 132 1156 1520 0 0 1520 1
"629" 135000 1969 1969 650 390 0 1040 1040 1040 0 2080 1
"630" 168500 1964 1964 624 288 336 1248 1350 0 0 1350 1
"631" 124000 1880 1991 0 636 0 636 1089 661 0 1750 1
"632" 209500 2006 2006 24 1530 0 1554 1554 0 0 1554 2
"633" 82500 1977 1977 822 564 0 1386 1411 0 0 1411 2
"634" 139400 1954 2005 480 108 468 1056 1056 0 0 1056 1
"635" 144000 1980 1980 1056 0 0 1056 1056 0 0 1056 0
"636" 200000 1914 1995 256 1184 0 1440 1440 1440 515 3395 2
"637" 60000 1936 1950 0 264 0 264 800 0 0 800 1
"638" 93000 1954 1954 0 811 0 811 811 576 0 1387 2
"639" 85000 1910 1950 0 796 0 796 796 0 0 796 1
"640" 264561 2006 2006 1154 366 0 1520 1567 0 0 1567 2
"641" 274000 2003 2004 1218 300 0 1518 1518 0 0 1518 1
"642" 226000 2001 2001 738 319 0 1057 1057 872 0 1929 2
"643" 345000 1972 1995 1410 542 0 1952 2000 704 0 2704 2
"644" 152000 1969 1969 493 0 287 780 780 840 0 1620 2
"645" 370878 2009 2009 1121 645 0 1766 1766 0 0 1766 2
"646" 143250 1971 1971 282 664 35 981 981 0 0 981 1
"647" 98300 1950 1950 0 0 0 0 1048 0 0 1048 1
"648" 155000 1953 1953 500 594 0 1094 1094 0 0 1094 1
"649" 155000 1966 1966 0 756 0 756 1051 788 0 1839 1
"650" 84500 1970 1970 131 0 499 630 630 0 0 630 1
"651" 205950 2007 2007 0 813 0 813 822 843 0 1665 2
"652" 108000 1940 1950 0 755 0 755 755 755 0 1510 1
"653" 191000 1996 1996 0 880 0 880 909 807 0 1716 2
"654" 135000 1906 1995 0 756 0 756 756 713 0 1469 1
"655" 350000 1995 1995 1696 413 0 2109 2113 0 0 2113 2
"656" 88000 1971 1971 0 525 0 525 525 567 0 1092 1
"657" 145500 1959 2006 806 247 0 1053 1053 0 0 1053 1
"658" 149000 1931 2000 0 776 0 776 851 651 0 1502 1
"659" 97500 1948 1950 0 912 0 912 912 546 0 1458 1
"660" 167000 1964 1999 637 849 0 1486 1486 0 0 1486 1
"661" 197900 1976 1976 0 793 0 793 1142 793 0 1935 2
"662" 402000 1994 2005 1361 88 180 1629 1686 762 0 2448 2
"663" 110000 1968 1968 0 1392 0 1392 1392 0 0 1392 1
"664" 137500 1972 1972 920 38 180 1138 1181 0 0 1181 2
"665" 423000 2005 2006 1721 356 0 2077 2097 0 0 2097 1
"666" 230500 2000 2000 0 1406 0 1406 1454 482 0 1936 2
"667" 129000 1965 1979 187 111 723 1021 1465 915 0 2380 2
"668" 193500 1994 1998 1138 270 0 1408 1679 0 0 1679 2
"669" 168000 1956 1987 988 200 0 1188 1437 0 0 1437 1
"670" 137500 1922 1950 0 700 0 700 1180 0 0 1180 1
"671" 173500 2005 2005 193 545 0 738 738 738 0 1476 2
"672" 103600 1925 1950 551 121 0 672 697 672 0 1369 2
"673" 165000 1977 1977 767 441 0 1208 1208 0 0 1208 1
"674" 257500 1957 2004 1186 291 0 1477 1839 0 0 1839 2
"675" 140000 1965 1965 892 244 0 1136 1136 0 0 1136 1
"676" 148500 1978 1978 311 544 0 855 855 586 0 1441 2
"677" 87000 1900 1950 0 1095 0 1095 1095 679 0 1774 2
"678" 109500 1924 2006 0 768 0 768 792 0 0 792 1
"679" 372500 2008 2008 0 2046 0 2046 2046 0 0 2046 2
"680" 128500 1961 1961 827 161 0 988 988 0 0 988 1
"681" 143000 1980 1980 543 261 119 923 923 0 0 923 2
"682" 159434 1932 2000 182 611 0 793 848 672 0 1520 1
"683" 173000 1996 1997 1003 288 0 1291 1291 0 0 1291 1
"684" 285000 2002 2002 1059 567 0 1626 1668 0 0 1668 2
"685" 221000 1998 1998 0 1195 0 1195 1195 644 0 1839 2
"686" 207500 1984 1984 828 180 182 1190 1190 900 0 2090 2
"687" 227875 2007 2007 0 874 0 874 874 887 0 1761 3
"688" 148800 2004 2004 239 312 0 551 551 551 0 1102 2
"689" 392000 2007 2007 945 474 0 1419 1419 0 0 1419 2
"690" 194700 2005 2006 20 1342 0 1362 1362 0 0 1362 2
"691" 141000 2004 2004 697 151 0 848 848 0 0 848 1
"692" 755000 1994 1995 1455 989 0 2444 2444 1872 0 4316 3
"693" 335000 1989 1990 965 245 0 1210 1238 1281 0 2519 2
"694" 108480 1921 1968 0 1073 0 1073 1073 0 0 1073 1
"695" 141500 1936 1950 0 927 0 927 1067 472 0 1539 1
"696" 176000 1987 1987 980 92 40 1112 1137 0 0 1137 2
"697" 89000 1921 1950 616 0 0 616 616 0 0 616 1
"698" 123500 1952 1952 210 219 551 980 1148 0 0 1148 1
"699" 138500 1965 2009 553 224 117 894 894 0 0 894 1
"700" 196000 2004 2004 16 1375 0 1391 1391 0 0 1391 2
"701" 312500 2002 2002 1274 526 0 1800 1800 0 0 1800 2
"702" 140000 1969 1969 0 1164 0 1164 1164 0 0 1164 1
"703" 361919 2006 2006 0 1234 0 1234 1264 1312 0 2576 2
"704" 140000 1900 1996 0 360 0 360 1032 780 0 1812 2
"705" 213000 2004 2005 712 761 0 1473 1484 0 0 1484 2
"706" 55000 1930 1950 0 0 0 0 372 720 0 1092 2
"707" 302000 1971 2002 1219 424 0 1643 1824 0 0 1824 2
"708" 254000 2006 2006 863 461 0 1324 1324 0 0 1324 2
"709" 179540 2007 2007 0 728 0 728 728 728 0 1456 2
"710" 109900 1966 1966 0 876 0 876 904 0 0 904 1
"711" 52000 1935 2003 0 270 0 270 729 0 0 729 1
"712" 102776 1900 1950 0 859 0 859 859 319 0 1178 1
"713" 189000 1988 1989 767 461 0 1228 1228 0 0 1228 2
"714" 129000 1970 1970 789 171 0 960 960 0 0 960 1
"715" 130500 1976 2005 533 192 0 725 725 754 0 1479 2
"716" 165000 1974 1974 0 1064 0 1064 1350 0 0 1350 2
"717" 159500 1890 1998 0 718 0 718 1576 978 0 2554 1
"718" 157000 1973 2000 1084 92 0 1176 1178 0 0 1178 1
"719" 341000 1993 1994 1173 138 0 1311 1325 1093 0 2418 2
"720" 128500 1969 1969 523 448 0 971 971 0 0 971 1
"721" 275000 1985 1985 1148 594 0 1742 1742 0 0 1742 2
"722" 143000 2004 2004 662 186 0 848 848 0 0 848 1
"723" 124500 1970 1970 191 673 0 864 864 0 0 864 1
"724" 135000 1954 1972 0 941 0 941 997 473 0 1470 2
"725" 320000 2007 2008 1234 464 0 1698 1698 0 0 1698 2
"726" 120500 1970 1970 375 250 239 864 864 0 0 864 1
"727" 222000 1988 2007 808 72 0 880 1680 0 0 1680 2
"728" 194500 2007 2007 724 508 0 1232 1232 0 0 1232 2
"729" 110000 1958 1958 0 1584 0 1584 1776 0 0 1776 2
"730" 103000 1925 1950 152 628 0 780 848 0 360 1208 1
"731" 236500 1995 1996 1180 415 0 1595 1616 0 0 1616 2
"732" 187500 2003 2003 786 82 0 868 1146 0 0 1146 2
"733" 222500 1998 1999 252 901 0 1153 1153 878 0 2031 2
"734" 131400 1961 1983 594 270 0 864 1144 0 0 1144 1
"735" 108000 1968 1968 0 948 0 948 948 0 0 948 1
"736" 163000 1914 1970 390 490 0 880 880 888 0 1768 1
"737" 93500 1950 1950 0 0 0 0 1040 0 0 1040 2
"738" 239900 2005 2005 0 893 0 893 901 900 0 1801 2
"739" 179000 1987 1988 1200 0 0 1200 1200 0 0 1200 3
"740" 190000 2004 2004 0 864 0 864 864 864 0 1728 2
"741" 132000 1910 2002 0 264 0 264 768 664 0 1432 2
"742" 142000 1961 1996 832 80 0 912 912 0 0 912 1
"743" 179000 2000 2001 0 1349 0 1349 1349 0 0 1349 2
"744" 175000 1963 1999 444 76 0 520 1464 0 0 1464 2
"745" 180000 1993 1993 733 604 0 1337 1337 0 0 1337 2
"746" 299800 1976 1996 575 487 80 1142 1175 1540 0 2715 3
"747" 236000 2000 2000 300 652 0 952 980 1276 0 2256 2
"748" 265979 1880 2003 0 1240 0 1240 1320 1320 0 2640 1
"749" 260400 1996 1996 919 801 0 1720 1720 0 0 1720 2
"750" 98000 1945 1950 0 0 0 0 1088 441 0 1529 2
"751" 96500 1910 2004 0 576 0 576 792 348 0 1140 1
"752" 162000 2003 2003 0 660 0 660 660 660 0 1320 2
"753" 217000 1997 1997 1200 279 0 1479 1494 0 0 1494 2
"754" 275500 2005 2005 0 1030 0 1030 1038 1060 0 2098 2
"755" 156000 1969 2005 439 115 472 1026 1026 0 0 1026 1
"756" 172500 1999 1999 381 348 0 729 742 729 0 1471 2
"757" 212000 2007 2007 20 846 0 866 866 902 0 1768 2
"758" 158900 1978 1978 438 234 0 672 672 714 0 1386 2
"759" 179400 1999 1999 549 195 0 744 757 744 0 1501 2
"760" 290000 1995 1995 56 1198 64 1318 1328 1203 0 2531 2
"761" 127500 1959 1959 612 252 0 864 864 0 0 864 1
"762" 100000 1924 1950 405 740 0 1145 1301 0 0 1301 1
"763" 215200 2009 2009 24 732 0 756 764 783 0 1547 2
"764" 337000 1999 1999 1163 89 0 1252 1268 1097 0 2365 2
"765" 270000 1995 1996 437 0 1057 1494 1494 0 0 1494 1
"766" 264132 2008 2008 0 1498 0 1498 1506 0 0 1506 2
"767" 196500 1988 1988 394 586 0 980 980 734 0 1714 2
"768" 160000 1940 1985 660 323 0 983 983 767 0 1750 2
"769" 216837 2004 2005 24 1836 0 1860 1836 0 0 1836 2
"770" 538000 2003 2003 1416 234 0 1650 1690 1589 0 3279 3
"771" 134900 1982 1982 685 173 0 858 858 0 0 858 1
"772" 102000 1951 1951 836 0 0 836 1220 0 0 1220 1
"773" 107000 1976 1976 422 480 127 1029 1117 0 0 1117 1
"774" 114500 1958 1958 456 456 0 912 912 0 0 912 1
"775" 395000 2006 2006 0 1935 0 1935 1973 0 0 1973 2
"776" 162000 1998 1998 866 338 0 1204 1204 0 0 1204 2
"777" 221500 2005 2006 20 1594 0 1614 1614 0 0 1614 2
"778" 142500 1974 1974 762 102 0 864 894 0 0 894 1
"779" 144000 1977 1977 0 0 0 0 2020 0 0 2020 2
"780" 135000 1977 1977 975 0 0 975 1004 0 0 1004 1
"781" 176000 1995 1996 0 1237 0 1237 1253 0 0 1253 2
"782" 175900 1992 1992 387 374 0 761 810 793 0 1603 2
"783" 187100 2001 2002 0 1413 0 1413 1430 0 0 1430 2
"784" 165500 1978 1978 1097 0 0 1097 1110 0 0 1110 1
"785" 128000 1914 2001 0 742 0 742 742 742 0 1484 2
"786" 161500 1967 1967 251 491 630 1372 1342 0 0 1342 2
"787" 139000 1915 1950 686 0 0 686 966 686 0 1652 2
"788" 233000 2004 2004 656 300 0 956 956 1128 0 2084 2
"789" 107900 1954 2000 0 901 0 901 901 0 0 901 1
"790" 187500 1966 2007 568 264 0 832 976 1111 0 2087 2
"791" 160200 2005 2006 16 1129 0 1145 1145 0 0 1145 2
"792" 146800 1976 1976 539 490 0 1029 1062 0 0 1062 1
"793" 269790 1996 1997 862 255 0 1117 1127 886 0 2013 2
"794" 225000 2007 2007 0 1496 0 1496 1496 0 0 1496 2
"795" 194500 1994 1996 0 712 0 712 1086 809 0 1895 2
"796" 171000 1980 1981 0 650 0 650 888 676 0 1564 2
"797" 143500 1977 1977 0 660 0 660 1285 0 0 1285 1
"798" 110000 1953 1953 570 203 0 773 773 0 0 773 1
"799" 485000 2008 2009 0 1926 0 1926 1966 1174 0 3140 3
"800" 175000 1937 1950 569 162 0 731 981 787 0 1768 1
"801" 200000 1997 1997 462 154 0 616 616 1072 0 1688 2
"802" 109900 1916 1990 197 999 0 1196 1196 0 0 1196 1
"803" 189000 2005 2005 648 80 0 728 728 728 0 1456 2
"804" 582933 2008 2009 0 1734 0 1734 1734 1088 0 2822 3
"805" 118000 1954 1954 812 124 0 936 1128 0 0 1128 1
"806" 227680 2008 2008 0 1417 0 1417 1428 0 0 1428 2
"807" 135500 1967 1967 400 100 480 980 980 0 0 980 2
"808" 223500 1923 2004 1309 15 0 1324 1072 504 0 1576 1
"809" 159950 1966 1966 516 380 128 1024 1086 0 0 1086 1
"810" 106000 1898 1965 0 849 0 849 1075 1063 0 2138 2
"811" 181000 1974 1999 663 0 377 1040 1309 0 0 1309 1
"812" 144500 2004 2004 662 186 0 848 848 0 0 848 1
"813" 55993 1952 1952 0 540 0 540 1044 0 0 1044 1
"814" 157900 1958 1958 608 834 0 1442 1442 0 0 1442 1
"815" 116000 1918 1950 0 686 0 686 686 564 0 1250 1
"816" 224900 1998 1998 0 1649 0 1649 1661 0 0 1661 2
"817" 137000 1954 1954 486 522 0 1008 1008 0 0 1008 1
"818" 271000 2002 2002 1218 350 0 1568 1689 0 0 1689 2
"819" 155000 1971 1971 504 506 0 1010 1052 0 0 1052 1
"820" 224000 2009 2010 733 625 0 1358 1358 0 0 1358 2
"821" 183000 2003 2003 0 798 0 798 798 842 0 1640 2
"822" 93000 1953 1953 0 936 0 936 936 0 0 936 1
"823" 225000 2003 2003 0 847 0 847 847 886 0 1733 2
"824" 139500 1940 1950 0 778 0 778 944 545 0 1489 2
"825" 232600 2006 2006 0 1489 0 1489 1489 0 0 1489 2
"826" 385000 2007 2008 1636 442 0 2078 2084 0 0 2084 2
"827" 109500 1924 1950 784 0 0 784 784 0 0 784 1
"828" 189000 2001 2001 20 1434 0 1454 1434 0 0 1434 2
"829" 185000 1967 1967 249 0 764 1013 1160 966 0 2126 2
"830" 147400 2005 2005 0 600 0 600 520 623 80 1223 2
"831" 166000 1957 1957 1040 352 0 1392 1392 0 0 1392 1
"832" 151000 2005 2005 0 600 0 600 520 600 80 1200 2
"833" 237000 2003 2003 483 458 0 941 941 888 0 1829 2
"834" 167000 1964 1964 196 975 345 1516 1516 0 0 1516 1
"835" 139950 1961 1961 572 572 0 1144 1144 0 0 1144 1
"836" 128000 1950 1995 442 625 0 1067 1067 0 0 1067 2
"837" 153500 1948 1973 338 1221 0 1559 1559 0 0 1559 1
"838" 100000 1973 1973 330 153 0 483 483 504 0 987 1
"839" 144000 1995 2006 0 1099 0 1099 1099 0 0 1099 1
"840" 130500 1946 1995 352 416 0 768 768 432 0 1200 1
"841" 140000 1925 1950 156 516 0 672 810 672 0 1482 2
"842" 157500 1904 2002 0 650 0 650 958 581 0 1539 2
"843" 174900 1966 1966 312 276 539 1127 1165 0 0 1165 1
"844" 141000 1961 1961 0 1800 0 1800 1800 0 0 1800 2
"845" 153900 1915 1950 0 876 0 876 876 540 0 1416 1
"846" 171000 1975 1981 1390 0 0 1390 1701 0 0 1701 2
"847" 213000 1993 1993 513 227 0 740 1006 769 0 1775 2
"848" 133500 1972 1972 460 404 0 864 864 0 0 864 1
"849" 240000 1908 1997 0 907 0 907 1307 1051 0 2358 3
"850" 187000 1976 1994 0 528 0 528 1094 761 0 1855 2
"851" 131500 2003 2003 659 189 0 848 848 0 0 848 1
"852" 215000 2003 2003 0 1273 0 1273 1456 0 0 1456 2
"853" 164000 1941 1950 364 554 0 918 918 728 0 1646 2
"854" 158000 1964 1964 564 563 0 1127 1445 0 0 1445 1
"855" 170000 1955 1974 306 372 1085 1763 1779 0 0 1779 1
"856" 127000 1962 2010 659 381 0 1040 1040 0 0 1040 1
"857" 147000 1978 1978 505 0 435 940 1026 0 0 1026 1
"858" 174000 1994 1995 0 702 0 702 702 779 0 1481 2
"859" 152000 1976 1976 0 1090 0 1090 1370 0 0 1370 2
"860" 250000 1968 1984 619 435 0 1054 1512 1142 0 2654 2
"861" 189950 1918 1998 0 912 0 912 912 514 0 1426 1
"862" 131500 1965 1965 841 198 0 1039 1039 0 0 1039 1
"863" 152000 1984 1985 338 702 0 1040 1097 0 0 1097 2
"864" 132500 1959 1959 1148 0 0 1148 1148 0 0 1148 1
"865" 250580 2007 2008 0 1372 0 1372 1372 0 0 1372 2
"866" 148500 1970 1970 828 174 0 1002 1002 0 0 1002 1
"867" 248900 2006 2007 0 1638 0 1638 1646 0 0 1646 2
"868" 129000 1961 1961 932 108 0 1040 1120 0 0 1120 1
"869" 169000 1948 1950 0 0 0 0 1547 720 53 2320 2
"870" 236000 1993 1994 750 300 0 1050 1062 887 0 1949 2
"871" 109500 1962 1962 0 894 0 894 894 0 0 894 1
"872" 200500 1998 1998 505 299 0 804 804 878 0 1682 2
"873" 116000 1953 1996 0 105 0 105 910 0 0 910 1
"874" 133000 1949 1950 375 457 0 832 1036 0 232 1268 1
"875" 66500 1941 1950 0 676 0 676 676 455 0 1131 1
"876" 303477 2007 2007 64 1120 0 1184 1184 1426 0 2610 2
"877" 132250 1963 1963 633 431 0 1064 1040 0 0 1040 1
"878" 350000 2004 2005 1170 292 0 1462 1462 762 0 2224 2
"879" 148000 1961 1995 899 210 0 1109 1155 0 0 1155 1
"880" 136500 1978 2005 646 218 0 864 864 0 0 864 1
"881" 157000 2005 2006 980 110 0 1090 1090 0 0 1090 1
"882" 187500 1990 1991 902 254 0 1156 1187 530 0 1717 2
"883" 178000 1992 1993 0 808 0 808 808 785 0 1593 2
"884" 118500 1912 1950 0 795 0 795 954 795 481 2230 1
"885" 100000 1967 1967 432 460 0 892 892 0 0 892 1
"886" 328900 1999 2000 1238 460 0 1698 1709 0 0 1709 2
"887" 145000 1959 2005 528 1098 0 1626 1712 0 0 1712 2
"888" 135500 1955 1955 0 816 0 816 872 521 0 1393 1
"889" 268000 1970 1970 351 1043 823 2217 2217 0 0 2217 2
"890" 149500 1953 1953 1024 481 0 1505 1505 0 0 1505 1
"891" 122900 1949 2006 0 672 0 672 672 252 0 924 1
"892" 172500 1978 1978 226 192 500 918 918 765 0 1683 2
"893" 154500 1963 2003 663 396 0 1059 1068 0 0 1068 1
"894" 165000 1954 1954 1064 319 0 1383 1383 0 0 1383 1
"895" 118858 1979 1979 0 0 0 0 1535 0 0 1535 2
"896" 140000 1963 1963 400 380 0 780 983 813 0 1796 1
"897" 106500 1936 1950 285 666 0 951 951 0 0 951 1
"898" 142953 1979 1979 0 0 0 0 1120 1120 0 2240 2
"899" 611657 2009 2010 2188 142 0 2330 2364 0 0 2364 2
"900" 135000 1961 1994 465 447 0 912 1236 0 0 1236 1
"901" 110000 1971 1971 322 536 0 858 858 0 0 858 1
"902" 153000 1957 2000 860 132 0 992 1306 0 0 1306 1
"903" 180000 2003 2003 0 783 0 783 807 702 0 1509 2
"904" 240000 2006 2006 0 1670 0 1670 1670 0 0 1670 2
"905" 125500 1967 1967 599 277 0 876 902 0 0 902 1
"906" 128000 1954 1954 354 412 290 1056 1063 0 0 1063 1
"907" 255000 2006 2006 63 1560 0 1623 1636 0 0 1636 2
"908" 250000 1936 1987 223 794 0 1017 1020 1037 0 2057 1
"909" 131000 1983 1983 301 239 324 864 902 0 0 902 1
"910" 174000 2005 2005 0 742 0 742 742 742 0 1484 2
"911" 154300 1960 1960 443 662 0 1105 1105 1169 0 2274 2
"912" 143500 1977 1989 196 1072 0 1268 1268 0 0 1268 1
"913" 88000 1925 1950 489 279 0 768 1015 0 0 1015 1
"914" 145000 1949 1950 284 717 0 1001 1001 1001 0 2002 2
"915" 173733 2009 2009 294 318 0 612 612 612 0 1224 2
"916" 75000 1970 1970 0 546 0 546 546 546 0 1092 1
"917" 35311 1949 1950 50 430 0 480 480 0 0 480 0
"918" 135000 1956 1956 1059 75 0 1134 1229 0 0 1229 1
"919" 238000 1991 1991 48 422 634 1104 912 1215 0 2127 2
"920" 176500 1958 2002 528 245 411 1184 1414 0 0 1414 1
"921" 201000 1994 1994 814 114 0 928 936 785 0 1721 2
"922" 145900 1900 2003 1084 188 0 1272 1272 928 0 2200 2
"923" 169990 2005 2006 28 1288 0 1316 1316 0 0 1316 2
"924" 193000 1993 1994 165 598 841 1604 1617 0 0 1617 2
"925" 207500 1980 1980 625 0 1061 1686 1686 0 0 1686 2
"926" 175000 1977 1977 767 266 93 1126 1126 0 0 1126 2
"927" 285000 2003 2004 0 1181 0 1181 1234 1140 0 2374 2
"928" 176000 1968 1968 552 280 0 832 1098 880 0 1978 2
"929" 236500 2001 2001 0 1753 0 1753 1788 0 0 1788 2
"930" 222000 1997 1997 0 964 0 964 993 1243 0 2236 2
"931" 201000 2007 2007 16 1450 0 1466 1466 0 0 1466 2
"932" 117500 1965 1965 338 121 466 925 925 0 0 925 1
"933" 320000 2006 2006 0 1905 0 1905 1905 0 0 1905 2
"934" 190000 2004 2004 20 1480 0 1500 1500 0 0 1500 2
"935" 242000 1960 2007 425 160 0 585 2069 0 0 2069 2
"936" 79900 1926 1953 0 600 0 600 747 0 0 747 1
"937" 184900 2003 2003 833 343 0 1176 1200 0 0 1200 2
"938" 253000 2005 2005 341 772 0 1113 1113 858 0 1971 2
"939" 239799 2006 2006 464 927 0 1391 1391 571 0 1962 2
"940" 244400 1940 1950 0 1032 0 1032 1207 1196 0 2403 2
"941" 150900 1976 1976 936 396 396 1728 1728 0 0 1728 2
"942" 214000 1999 1999 772 220 0 992 1022 1038 0 2060 2
"943" 150000 1977 1977 1440 0 0 1440 1440 0 0 1440 2
"944" 143000 1967 1967 0 1632 0 1632 1632 0 0 1632 2
"945" 137500 1958 1958 111 354 354 819 1344 0 0 1344 1
"946" 124900 1890 1996 1088 0 0 1088 1188 561 120 1869 1
"947" 143000 1959 1959 748 102 294 1144 1144 0 0 1144 1
"948" 270000 2002 2003 1300 316 0 1616 1629 0 0 1629 2
"949" 192500 2002 2002 0 936 0 936 936 840 0 1776 2
"950" 197500 1972 2006 982 179 0 1161 1381 0 0 1381 1
"951" 129000 1950 2002 398 317 149 864 864 0 0 864 1
"952" 119900 1965 1965 641 187 0 828 965 0 0 965 1
"953" 133900 1972 2003 660 108 0 768 768 0 0 768 1
"954" 172000 1969 1969 562 29 193 784 1168 800 0 1968 2
"955" 127500 1975 1975 945 0 0 945 980 0 0 980 2
"956" 145000 1946 1950 484 495 0 979 979 979 0 1958 2
"957" 124000 1980 1980 285 276 0 561 561 668 0 1229 1
"958" 132000 1962 1962 417 640 0 1057 1057 0 0 1057 1
"959" 185000 2003 2003 699 638 0 1337 1337 0 0 1337 2
"960" 155000 1999 1999 604 92 0 696 696 720 0 1416 2
"961" 116500 1958 2008 696 162 0 858 858 0 0 858 1
"962" 272000 1977 1995 896 434 0 1330 1542 1330 0 2872 2
"963" 155000 1976 1976 556 248 0 804 804 744 0 1548 2
"964" 239000 2007 2007 0 1800 0 1800 1800 0 0 1800 2
"965" 214900 2002 2003 624 193 0 817 824 1070 0 1894 2
"966" 178900 2005 2007 0 783 0 783 783 701 0 1484 2
"967" 160000 1940 1950 428 300 0 728 976 332 0 1308 1
"968" 135000 1955 1955 902 196 0 1098 1098 0 0 1098 1
"969" 37900 1910 1950 0 600 0 600 600 368 0 968 1
"970" 140000 1958 1958 513 75 0 588 1095 0 0 1095 1
"971" 135000 1949 1950 0 720 0 720 720 472 0 1192 1
"972" 173000 2003 2004 567 197 0 764 764 862 0 1626 2
"973" 99500 1979 1979 0 918 0 918 918 0 0 918 2
"974" 182000 2007 2008 0 1428 0 1428 1428 0 0 1428 2
"975" 167500 1910 1993 0 728 0 728 1136 883 0 2019 1
"976" 165000 2000 2000 641 32 0 673 673 709 0 1382 2
"977" 85500 1923 1958 0 440 0 440 869 0 0 869 1
"978" 199900 2006 2007 1106 135 0 1241 1241 0 0 1241 1
"979" 110000 1954 1954 552 342 0 894 894 0 0 894 1
"980" 139000 1963 1963 651 470 0 1121 1121 0 0 1121 1
"981" 178400 1961 2007 867 77 0 944 999 0 0 999 1
"982" 336000 1998 1999 854 371 0 1225 1276 1336 0 2612 2
"983" 159895 2007 2007 0 1266 0 1266 1266 0 0 1266 2
"984" 255900 2002 2002 0 1128 0 1128 1149 1141 0 2290 2
"985" 126000 1977 1977 0 0 0 0 1302 432 0 1734 2
"986" 125000 1950 1950 1040 124 0 1164 1164 0 0 1164 1
"987" 117000 1910 2003 0 485 0 485 1001 634 0 1635 1
"988" 395192 2009 2010 1646 284 0 1930 1940 0 0 1940 2
"989" 195000 1976 1976 156 692 0 848 1118 912 0 2030 2
"990" 197000 2006 2006 0 770 0 770 778 798 0 1576 2
"991" 348000 1997 1998 1074 322 0 1396 1407 985 0 2392 2
"992" 168000 1882 1986 216 700 0 916 916 826 0 1742 1
"993" 187000 1964 1993 536 169 117 822 1020 831 0 1851 2
"994" 173900 2005 2006 0 750 0 750 750 750 0 1500 2
"995" 337500 2006 2007 1172 528 0 1700 1718 0 0 1718 2
"996" 121600 1946 1950 384 363 0 747 774 456 0 1230 1
"997" 136500 1961 1961 915 135 0 1050 1050 0 0 1050 1
"998" 185000 1970 1970 0 1442 0 1442 1442 0 0 1442 2
"999" 91000 1922 1950 0 1007 0 1007 1077 0 0 1077 1
"1000" 206000 2006 2006 686 501 0 1187 1208 0 0 1208 2
"1001" 82000 1952 1952 0 0 0 0 944 0 0 944 1
"1002" 86000 1920 1950 0 691 0 691 691 0 0 691 1
"1003" 232000 2006 2006 24 1550 0 1574 1574 0 0 1574 2
"1004" 136905 1976 1976 0 1680 0 1680 1680 0 0 1680 2
"1005" 181000 2005 2006 16 1330 0 1346 1504 0 0 1504 2
"1006" 149900 1977 1977 595 390 0 985 985 0 0 985 2
"1007" 163500 1970 1970 1237 420 0 1657 1657 0 0 1657 2
"1008" 88000 1970 1970 273 0 273 546 546 546 0 1092 1
"1009" 240000 2004 2005 0 1710 0 1710 1710 0 0 1710 2
"1010" 102000 1926 1950 0 1008 0 1008 1008 0 514 1522 2
"1011" 135000 1948 1950 0 720 0 720 720 551 0 1271 2
"1012" 100000 1965 1965 0 0 0 0 1664 0 0 1664 2
"1013" 165000 1923 1996 0 602 0 602 900 602 0 1502 1
"1014" 85000 1910 2006 247 310 465 1022 1022 0 0 1022 1
"1015" 119200 1948 1950 336 746 0 1082 1082 0 0 1082 1
"1016" 227000 2001 2001 643 167 0 810 810 855 0 1665 2
"1017" 203000 1996 1996 690 814 0 1504 1504 0 0 1504 2
"1018" 187500 1984 1984 1036 184 0 1220 1360 0 0 1360 1
"1019" 160000 1991 1992 0 384 0 384 802 670 0 1472 2
"1020" 213490 2005 2005 16 1346 0 1362 1506 0 0 1506 2
"1021" 176000 2005 2005 1024 108 0 1132 1132 0 0 1132 1
"1022" 194000 2006 2006 684 515 0 1199 1220 0 0 1220 2
"1023" 87000 1930 1950 324 588 0 912 912 336 0 1248 1
"1024" 191000 2005 2006 16 1330 0 1346 1504 0 0 1504 2
"1025" 287000 1976 1976 1165 0 400 1565 2898 0 0 2898 2
"1026" 112500 1972 1972 138 276 468 882 882 0 0 882 1
"1027" 167500 1960 1960 697 571 0 1268 1264 0 0 1264 1
"1028" 293077 2007 2008 1513 125 0 1638 1646 0 0 1646 2
"1029" 105000 1941 1950 368 359 41 768 968 408 0 1376 1
"1030" 118000 1972 1972 317 355 0 672 672 546 0 1218 1
"1031" 160000 1916 1995 0 686 0 686 948 980 0 1928 2
"1032" 197000 1920 1970 523 301 0 824 1687 998 397 3082 2
"1033" 310000 1993 1993 1012 326 0 1338 1352 1168 0 2520 2
"1034" 230000 2002 2002 986 668 0 1654 1654 0 0 1654 2
"1035" 119750 1938 1950 0 920 0 920 954 0 0 954 1
"1036" 84000 1957 1957 0 0 0 0 845 0 0 845 1
"1037" 315500 2007 2008 1022 598 0 1620 1620 0 0 1620 2
"1038" 287000 2001 2002 0 1055 0 1055 1055 1208 0 2263 2
"1039" 97000 1970 2008 0 546 0 546 798 546 0 1344 1
"1040" 80000 1970 1970 509 121 0 630 630 0 0 630 1
"1041" 155000 1957 2000 168 284 682 1134 1803 0 0 1803 2
"1042" 173000 1966 2000 400 336 64 800 800 832 0 1632 1
"1043" 196000 2005 2005 900 406 0 1306 1306 0 0 1306 2
"1044" 262280 1990 1990 1085 390 0 1475 1532 797 0 2329 2
"1045" 278000 1981 1981 1104 1420 0 2524 2524 0 0 2524 2
"1046" 139600 1955 1955 0 0 0 0 1733 0 0 1733 2
"1047" 556581 2005 2006 240 1752 0 1992 1992 876 0 2868 3
"1048" 145000 1994 1995 686 304 0 990 990 0 0 990 1
"1049" 115000 1960 2006 0 0 0 0 1771 0 0 1771 1
"1050" 84900 1946 2006 0 0 0 0 930 0 0 930 1
"1051" 176485 2007 2007 0 1302 0 1302 1302 0 0 1302 2
"1052" 200141 2007 2007 0 1316 0 1316 1316 0 0 1316 2
"1053" 165000 1964 1978 442 374 0 816 1127 850 0 1977 1
"1054" 144500 1957 2002 383 833 0 1216 1526 0 0 1526 1
"1055" 255000 2002 2002 932 133 0 1065 1091 898 0 1989 2
"1056" 180000 1976 1976 644 549 0 1193 1523 0 0 1523 2
"1057" 185850 2005 2005 659 705 0 1364 1364 0 0 1364 2
"1058" 248000 1994 1994 595 378 0 973 979 871 0 1850 2
"1059" 335000 2008 2008 936 168 0 1104 1130 1054 0 2184 2
"1060" 220000 1932 1950 297 0 557 854 1096 895 0 1991 1
"1061" 213500 2001 2001 616 722 0 1338 1338 0 0 1338 2
"1062" 81000 1935 1950 0 894 0 894 894 0 0 894 1
"1063" 90000 1900 1950 0 662 0 662 1422 915 0 2337 2
"1064" 110500 1925 1980 397 706 0 1103 1103 0 0 1103 1
"1065" 154000 1966 1966 740 184 230 1154 1154 0 0 1154 1
"1066" 328000 1996 1997 1201 105 0 1306 1306 954 0 2260 2
"1067" 178000 1993 1994 0 799 0 799 799 772 0 1571 2
"1068" 167900 1964 1964 674 0 106 780 798 813 0 1611 1
"1069" 151400 1973 1973 837 105 0 942 1291 1230 0 2521 2
"1070" 135000 1949 2003 220 625 0 845 893 0 0 893 1
"1071" 135000 1956 1956 586 462 0 1048 1048 0 0 1048 1
"1072" 154000 1968 1968 298 429 0 727 829 727 0 1556 1
"1073" 91500 1948 1950 0 810 0 810 1002 454 0 1456 1
"1074" 159500 1977 1977 535 155 0 690 698 728 0 1426 1
"1075" 194000 2006 2006 0 1240 0 1240 1240 0 0 1240 2
"1076" 219500 1940 1984 410 390 0 800 960 780 0 1740 1
"1077" 170000 1936 1989 626 170 0 796 1096 370 0 1466 2
"1078" 138800 1969 1969 75 230 791 1096 1096 0 0 1096 1
"1079" 155900 2004 2004 662 186 0 848 848 0 0 848 1
"1080" 126000 1994 1994 495 495 0 990 990 0 0 990 1
"1081" 145000 1971 2004 656 602 0 1258 1258 0 0 1258 2
"1082" 133000 1963 1963 824 216 0 1040 1040 0 0 1040 1
"1083" 192000 2002 2002 0 1459 0 1459 1459 0 0 1459 2
"1084" 160000 1964 1964 553 698 0 1251 1251 0 0 1251 1
"1085" 187500 1995 1996 592 99 0 691 691 807 0 1498 2
"1086" 147000 1992 1992 747 189 0 936 996 0 0 996 1
"1087" 83500 1973 1973 334 212 0 546 546 546 0 1092 1
"1088" 252000 2005 2006 0 1082 0 1082 1082 871 0 1953 2
"1089" 137500 2004 2004 0 970 0 970 970 739 0 1709 2
"1090" 197000 2005 2005 1039 208 0 1247 1247 0 0 1247 1
"1091" 92900 1950 1950 0 0 0 0 1040 0 0 1040 2
"1092" 160000 1999 2000 510 90 0 600 624 628 0 1252 2
"1093" 136500 1925 1950 423 758 0 1181 1390 304 0 1694 2
"1094" 146000 1965 1998 661 203 0 864 1200 0 0 1200 1
"1095" 129000 1956 2000 248 448 240 936 936 0 0 936 1
"1096" 176432 2006 2006 24 1290 0 1314 1314 0 0 1314 2
"1097" 127000 1914 2006 0 684 0 684 773 582 0 1355 1
"1098" 170000 1986 1986 0 1074 0 1074 1088 0 0 1088 1
"1099" 128000 1936 1950 672 0 0 672 757 567 0 1324 1
"1100" 157000 1978 1978 704 567 0 1271 1601 0 0 1601 2
"1101" 60000 1920 1950 290 0 0 290 438 0 0 438 1
"1102" 119500 1971 1971 412 251 287 950 950 0 0 950 1
"1103" 135000 1960 2002 588 422 0 1010 1134 0 0 1134 1
"1104" 159500 1959 1959 655 0 0 655 1194 0 0 1194 1
"1105" 106000 1970 1970 0 630 0 630 630 672 0 1302 2
"1106" 325000 1994 1995 1032 431 0 1463 1500 1122 0 2622 2
"1107" 179900 1990 1991 738 172 0 910 1442 0 0 1442 2
"1108" 274725 2006 2006 0 868 0 868 887 1134 0 2021 2
"1109" 181000 2000 2000 0 924 0 924 948 742 0 1690 2
"1110" 280000 2004 2005 1039 797 0 1836 1836 0 0 1836 2
"1111" 188000 1995 1996 219 554 0 773 773 885 0 1658 2
"1112" 205000 1976 1976 403 400 0 803 1098 866 0 1964 2
"1113" 129900 1957 1957 708 108 0 816 816 0 0 816 1
"1114" 134500 1953 2006 643 365 0 1008 1008 0 0 1008 1
"1115" 117000 1954 2000 415 418 0 833 833 0 0 833 1
"1116" 318000 2007 2007 1004 730 0 1734 1734 0 0 1734 2
"1117" 184100 2002 2002 353 55 0 408 779 640 0 1419 2
"1118" 130000 1967 2003 702 192 0 894 894 0 0 894 1
"1119" 140000 1958 1987 0 533 0 533 1021 580 0 1601 1
"1120" 133700 1959 1959 369 671 0 1040 1040 0 0 1040 1
"1121" 118400 1920 1950 0 1012 0 1012 1012 0 0 1012 1
"1122" 212900 2005 2006 24 1528 0 1552 1552 0 0 1552 2
"1123" 112000 1956 1956 0 672 0 672 960 0 0 960 1
"1124" 118000 1947 2008 0 698 0 698 698 0 0 698 1
"1125" 163900 1992 1992 0 384 0 384 812 670 0 1482 2
"1126" 115000 1955 1955 0 1005 0 1005 1005 0 0 1005 1
"1127" 174000 2007 2007 0 1373 0 1373 1555 0 0 1555 2
"1128" 259000 2004 2004 1300 230 0 1530 1530 0 0 1530 2
"1129" 215000 2004 2005 0 847 0 847 847 1112 0 1959 2
"1130" 140000 1980 1980 936 0 0 936 936 0 0 936 1
"1131" 135000 1928 1950 622 500 0 1122 1328 653 0 1981 2
"1132" 93500 1991 1992 212 762 0 974 974 0 0 974 1
"1133" 117500 1880 1950 0 1008 0 1008 1178 1032 0 2210 2
"1134" 239500 1995 1995 584 544 0 1128 1142 878 0 2020 2
"1135" 169000 1997 1997 0 916 0 916 916 684 0 1600 2
"1136" 102000 1926 1950 0 960 0 960 986 0 0 986 1
"1137" 119000 1950 1950 280 752 0 1032 1032 220 0 1252 1
"1138" 94000 1875 1996 0 780 0 780 780 240 0 1020 1
"1139" 196000 1977 1977 1567 0 0 1567 1567 0 0 1567 2
"1140" 144000 1920 1950 645 270 0 915 1167 0 0 1167 1
"1141" 139000 1951 1951 852 100 0 952 952 0 0 952 1
"1142" 197500 1976 1976 381 399 0 780 1088 780 0 1868 2
"1143" 424870 2006 2007 1150 316 0 1466 1466 1362 0 2828 3
"1144" 80000 1959 1959 288 718 0 1006 1006 0 0 1006 1
"1145" 80000 1941 1950 348 324 0 672 672 252 0 924 1
"1146" 149000 1928 1950 0 1042 0 1042 1042 534 0 1576 1
"1147" 180000 1985 1985 1258 40 0 1298 1298 0 0 1298 2
"1148" 174500 1941 1950 275 429 0 704 860 704 0 1564 1
"1149" 116900 1926 1950 0 572 0 572 572 539 0 1111 1
"1150" 143000 1920 1988 624 26 0 650 832 650 0 1482 1
"1151" 124000 1950 1950 0 932 0 932 932 0 0 932 1
"1152" 149900 1959 1959 176 1290 0 1466 1466 0 0 1466 1
"1153" 230000 1956 2004 296 230 547 1073 1811 0 0 1811 1
"1154" 120500 1930 2007 538 278 0 816 816 0 0 816 1
"1155" 201800 1965 1988 454 410 0 864 902 918 0 1820 1
"1156" 218000 1976 2004 1157 280 0 1437 1437 0 0 1437 2
"1157" 179900 1965 1999 633 586 0 1219 1265 0 0 1265 2
"1158" 230000 2007 2008 904 410 0 1314 1314 0 0 1314 2
"1159" 235128 2007 2008 0 1580 0 1580 1580 0 0 1580 2
"1160" 185000 1974 1974 442 459 0 901 943 933 0 1876 2
"1161" 146000 1978 1978 311 544 0 855 855 601 0 1456 2
"1162" 224000 1954 2006 728 568 0 1296 1640 0 0 1640 1
"1163" 129000 1968 1968 492 402 0 894 894 0 0 894 1
"1164" 108959 1969 1969 1198 0 0 1198 1258 0 0 1258 0
"1165" 194000 1978 1978 680 289 391 1360 1432 0 0 1432 1
"1166" 233170 2009 2009 0 1502 0 1502 1502 0 0 1502 2
"1167" 245350 2008 2008 0 1694 0 1694 1694 0 0 1694 2
"1168" 173000 2000 2000 786 173 0 959 959 712 0 1671 2
"1169" 235000 1935 1986 626 501 0 1127 1236 872 0 2108 2
"1170" 625000 1995 1996 1387 543 0 1930 1831 1796 0 3627 3
"1171" 171000 1977 1977 522 574 0 1096 1118 0 0 1118 1
"1172" 163000 1958 1958 662 599 0 1261 1261 0 0 1261 1
"1173" 171900 2006 2007 0 625 0 625 625 625 0 1250 2
"1174" 200500 1946 1994 152 977 469 1598 1636 971 479 3086 3
"1175" 239000 1932 1950 503 449 0 952 1170 1175 0 2345 2
"1176" 285000 1992 2000 700 983 0 1683 2129 743 0 2872 2
"1177" 119500 1984 1985 658 218 0 876 923 0 0 923 1
"1178" 115000 1926 2004 468 350 0 818 818 406 0 1224 1
"1179" 154900 1921 1950 0 731 0 731 820 523 0 1343 1
"1180" 93000 1954 1954 0 0 0 0 1124 0 0 1124 1
"1181" 250000 1990 1991 1216 0 0 1216 1298 1216 0 2514 2
"1182" 392500 2008 2008 1480 120 0 1600 1652 0 0 1652 2
"1183" 745000 1996 1996 2096 300 0 2396 2411 2065 0 4476 3
"1184" 120000 1920 1950 821 299 0 1120 1130 0 0 1130 1
"1185" 186700 1963 1963 1159 413 0 1572 1572 0 0 1572 1
"1186" 104900 1924 1950 392 392 0 784 949 272 0 1221 1
"1187" 95000 1900 1970 440 538 0 978 1014 685 0 1699 2
"1188" 262000 1994 1995 1456 168 0 1624 1624 0 0 1624 2
"1189" 195000 2002 2002 0 831 0 831 831 829 0 1660 2
"1190" 189000 1999 1999 0 994 0 994 1028 776 0 1804 2
"1191" 168000 1961 1975 1159 90 0 1249 1622 0 0 1622 1
"1192" 174000 1999 2000 0 776 0 776 764 677 0 1441 2
"1193" 125000 1925 1994 0 702 0 702 842 630 0 1472 1
"1194" 165000 1999 1999 883 341 0 1224 1224 0 0 1224 2
"1195" 158000 1969 1969 371 292 0 663 663 689 0 1352 1
"1196" 176000 2005 2005 0 728 0 728 728 728 0 1456 2
"1197" 219210 2006 2006 0 879 0 879 879 984 0 1863 2
"1198" 144000 1916 1950 0 815 0 815 815 875 0 1690 1
"1199" 178000 2001 2001 0 1212 0 1212 1212 0 0 1212 2
"1200" 148000 1963 1979 547 504 0 1051 1382 0 0 1382 1
"1201" 116050 1970 1970 0 864 0 864 864 0 0 864 1
"1202" 197900 1998 1998 0 866 0 866 866 913 0 1779 2
"1203" 117000 1925 1997 0 884 0 884 884 464 0 1348 1
"1204" 213000 2000 2001 0 1630 0 1630 1630 0 0 1630 2
"1205" 153500 1975 1975 788 268 0 1056 1074 0 0 1074 1
"1206" 271900 1990 1991 485 1496 177 2158 2196 0 0 2196 2
"1207" 107000 1966 1966 1056 0 0 1056 1056 0 0 1056 1
"1208" 200000 2003 2003 340 1342 0 1682 1700 0 0 1700 2
"1209" 140000 1962 1980 504 319 108 931 1283 0 0 1283 1
"1210" 290000 2006 2006 1220 440 0 1660 1660 0 0 1660 2
"1211" 189000 1992 1992 0 1055 0 1055 1055 790 0 1845 2
"1212" 164000 1988 2005 427 132 0 559 1080 672 0 1752 2
"1213" 113000 1941 1950 344 328 0 672 672 0 0 672 1
"1214" 145000 1965 2001 648 0 0 648 960 0 0 960 0
"1215" 134500 1962 1962 784 141 0 925 999 0 0 999 1
"1216" 125000 1966 1966 180 340 374 894 894 0 0 894 1
"1217" 112000 1978 1978 0 0 0 0 1318 584 0 1902 2
"1218" 229456 2009 2009 936 364 0 1300 1314 0 0 1314 2
"1219" 80500 1947 1950 0 0 0 0 672 240 0 912 1
"1220" 91500 1971 1971 0 672 0 672 672 546 0 1218 1
"1221" 115000 1964 1964 312 0 600 912 912 0 0 912 1
"1222" 134000 1968 1968 250 210 492 952 1211 0 0 1211 1
"1223" 143000 1949 1950 196 844 0 1040 1168 678 0 1846 2
"1224" 137900 1951 1951 756 1380 0 2136 2136 0 0 2136 2
"1225" 184000 2004 2005 724 64 0 788 788 702 0 1490 2
"1226" 145000 1958 1958 507 81 0 588 1138 0 0 1138 1
"1227" 214000 2007 2007 0 894 0 894 894 1039 0 1933 2
"1228" 147000 1965 2008 595 317 0 912 912 0 0 912 1
"1229" 367294 2008 2008 1540 162 0 1702 1702 0 0 1702 1
"1230" 127000 1960 1960 666 409 0 1075 1507 0 0 1507 2
"1231" 190000 1977 1977 498 652 211 1361 1361 1259 0 2620 2
"1232" 132500 1962 1962 803 303 0 1106 1190 0 0 1190 1
"1233" 101800 1962 1962 0 0 0 0 1224 0 0 1224 2
"1234" 142000 1959 1959 1000 188 0 1188 1188 0 0 1188 1
"1235" 130000 1911 1950 0 940 0 940 1024 940 0 1964 1
"1236" 138887 1914 1950 0 747 0 747 892 892 0 1784 1
"1237" 175500 2003 2003 0 764 0 764 764 862 0 1626 2
"1238" 195000 2004 2005 0 847 0 847 847 1101 0 1948 2
"1239" 142500 2005 2005 0 1141 0 1141 1141 0 0 1141 1
"1240" 265900 2006 2006 428 1048 0 1476 1484 0 0 1484 2
"1241" 224900 2003 2003 550 334 0 884 884 884 0 1768 2
"1242" 248328 2007 2007 0 1689 0 1689 1689 0 0 1689 2
"1243" 170000 1974 1974 885 0 168 1053 1173 0 0 1173 2
"1244" 465000 2006 2006 1386 690 0 2076 2076 0 0 2076 2
"1245" 230000 1929 1950 0 792 0 792 792 725 0 1517 1
"1246" 178000 1984 2003 0 585 0 585 1140 728 0 1868 3
"1247" 186500 2005 2006 0 756 0 756 756 797 0 1553 2
"1248" 169900 1976 1976 539 473 0 1012 1034 0 0 1034 1
"1249" 129500 1917 1950 319 416 0 735 1134 924 0 2058 1
"1250" 119000 1950 1950 534 246 96 876 988 0 0 988 1
"1251" 244000 1968 1968 1065 1045 0 2110 2110 0 0 2110 2
"1252" 171750 2003 2003 0 1405 0 1405 1405 0 0 1405 2
"1253" 130000 1968 1968 510 354 0 864 874 0 0 874 1
"1254" 294000 1974 2003 125 36 1031 1192 1516 651 0 2167 2
"1255" 165400 2003 2004 0 746 0 746 760 896 0 1656 2
"1256" 127500 1931 1950 425 459 0 884 959 408 0 1367 1
"1257" 301500 1994 1994 1314 672 0 1986 1987 0 0 1987 2
"1258" 99900 1922 1950 0 864 0 864 864 0 0 864 1
"1259" 190000 2005 2005 655 201 0 856 1166 0 0 1166 2
"1260" 151000 1969 1969 602 14 438 1054 1054 0 0 1054 1
"1261" 181000 1999 1999 0 841 0 841 892 783 0 1675 2
"1262" 128900 1956 1956 504 546 0 1050 1050 0 0 1050 1
"1263" 161500 1957 1989 0 1104 0 1104 1104 684 0 1788 1
"1264" 180500 1919 1950 0 764 0 764 1060 764 0 1824 1
"1265" 181000 1998 1999 266 1139 0 1405 1337 0 0 1337 2
"1266" 183900 1999 1999 450 241 0 691 713 739 0 1452 2
"1267" 122000 1910 1950 0 925 0 925 964 925 0 1889 1
"1268" 378500 2008 2009 0 2002 0 2002 2018 0 0 2018 2
"1269" 381000 1935 1997 192 536 0 728 1968 1479 0 3447 3
"1270" 144000 1958 1958 460 414 0 874 874 650 0 1524 1
"1271" 260000 1979 1979 1258 74 0 1332 1332 192 0 1524 0
"1272" 185750 1968 1968 0 1489 0 1489 1489 0 0 1489 2
"1273" 137000 1965 1965 560 0 375 935 935 0 0 935 1
"1274" 177000 1959 2006 719 300 0 1019 1357 0 0 1357 1
"1275" 139000 1910 2003 0 661 0 661 661 589 0 1250 2
"1276" 137000 1948 1950 220 708 0 928 928 992 0 1920 2
"1277" 162000 1972 1972 593 130 0 723 735 660 0 1395 1
"1278" 197900 1967 1976 528 1152 0 1680 1724 0 0 1724 1
"1279" 237000 2002 2002 804 324 0 1128 1128 903 0 2031 2
"1280" 68400 1920 1950 0 698 0 698 698 430 0 1128 1
"1281" 227000 2002 2002 788 785 0 1573 1573 0 0 1573 2
"1282" 180000 1990 1990 1053 256 0 1309 1339 0 0 1339 2
"1283" 150500 1977 2008 532 364 144 1040 1040 0 0 1040 2
"1284" 139000 1971 1971 0 912 0 912 912 912 0 1824 2
"1285" 169000 1919 1990 0 804 0 804 1699 748 0 2447 2
"1286" 132500 1939 1950 0 780 0 780 825 587 0 1412 1
"1287" 143000 1963 1963 569 678 81 1328 1328 0 0 1328 1
"1288" 190000 1964 1964 812 812 0 1624 1582 0 0 1582 2
"1289" 278000 2000 2000 1158 343 0 1501 1659 0 0 1659 2
"1290" 281000 2006 2006 0 1085 0 1085 1120 850 0 1970 2
"1291" 180500 1964 1964 1014 138 0 1152 1152 0 0 1152 1
"1292" 119500 1972 1972 231 399 0 630 630 672 0 1302 2
"1293" 107500 1892 1965 0 994 0 994 1378 994 0 2372 2
"1294" 162900 1976 1976 194 638 0 832 832 832 0 1664 2
"1295" 115000 1955 1990 167 697 0 864 864 0 0 864 1
"1296" 138500 1968 1968 1016 36 0 1052 1052 0 0 1052 1
"1297" 155000 1963 1963 776 344 0 1120 1128 0 0 1128 2
"1298" 140000 2005 2006 547 0 0 547 1072 0 0 1072 2
"1299" 160000 2008 2008 5644 466 0 6110 4692 950 0 5642 2
"1300" 154000 1959 1994 340 0 906 1246 1246 0 0 1246 1
"1301" 225000 1999 1999 694 284 0 978 1005 978 0 1983 2
"1302" 177500 1942 1950 547 224 0 771 753 741 0 1494 1
"1303" 290000 1994 1994 740 425 0 1165 1203 1323 0 2526 2
"1304" 232000 2005 2005 0 1616 0 1616 1616 0 0 1616 2
"1305" 130000 2004 2004 0 976 0 976 976 732 0 1708 2
"1306" 325000 2006 2007 1572 80 0 1652 1652 0 0 1652 2
"1307" 202500 2005 2006 0 1368 0 1368 1368 0 0 1368 2
"1308" 138000 1994 1995 746 244 0 990 990 0 0 990 1
"1309" 147000 1948 2005 144 172 608 924 1122 0 0 1122 1
"1310" 179200 1991 1991 1200 78 0 1278 1294 0 0 1294 2
"1311" 335000 1959 2002 1406 496 0 1902 1902 0 0 1902 2
"1312" 203000 2005 2007 925 349 0 1274 1274 0 0 1274 2
"1313" 302000 1990 1990 482 971 0 1453 1453 1357 0 2810 2
"1314" 333168 1999 1999 0 1393 0 1393 1422 1177 0 2599 2
"1315" 119000 1954 1954 732 216 0 948 948 0 0 948 1
"1316" 206900 1969 1969 500 176 276 952 1092 1020 0 2112 2
"1317" 295493 2008 2008 0 1622 0 1622 1630 0 0 1630 2
"1318" 208900 2006 2007 0 1352 0 1352 1352 0 0 1352 2
"1319" 275000 2001 2002 0 1753 0 1753 1787 0 0 1787 2
"1320" 111000 1954 1954 492 372 0 864 948 0 0 948 1
"1321" 156500 1957 1957 189 628 661 1478 1478 0 0 1478 1
"1322" 72500 1949 1950 0 0 0 0 720 0 0 720 1
"1323" 190000 1992 1992 674 76 0 750 1061 862 0 1923 2
"1324" 82500 1940 1950 280 140 0 420 708 0 0 708 1
"1325" 147000 2006 2007 0 1795 0 1795 1795 0 0 1795 2
"1326" 55000 1922 1950 0 796 0 796 796 0 0 796 1
"1327" 79000 1931 2006 544 0 0 544 774 0 0 774 1
"1328" 130500 1982 2008 641 175 0 816 816 0 0 816 1
"1329" 256000 1920 1950 493 1017 0 1510 1584 1208 0 2792 2
"1330" 176500 1998 1998 0 935 0 935 955 677 0 1632 2
"1331" 227000 2006 2006 0 1588 0 1588 1588 0 0 1588 2
"1332" 132500 1976 1976 483 428 0 911 954 0 0 954 1
"1333" 100000 1938 1958 690 126 0 816 816 0 0 816 1
"1334" 125500 1938 1995 0 803 0 803 803 557 0 1360 1
"1335" 125000 1970 1970 765 0 0 765 765 600 0 1365 1
"1336" 167900 1977 1977 686 664 0 1350 1334 0 0 1334 2
"1337" 135000 1973 1973 0 1656 0 1656 1656 0 0 1656 2
"1338" 52500 1941 1950 0 693 0 693 693 0 0 693 1
"1339" 200000 2002 2002 700 216 0 916 920 941 0 1861 2
"1340" 128500 1972 1972 360 504 0 864 864 0 0 864 1
"1341" 123000 1971 1971 0 858 0 858 872 0 0 872 1
"1342" 155000 2003 2004 814 300 0 1114 1114 0 0 1114 1
"1343" 228500 2002 2002 0 1284 0 1284 1284 885 0 2169 2
"1344" 177000 1928 1950 0 896 0 896 1172 741 0 1913 1
"1345" 155835 2006 2006 0 728 0 728 728 728 0 1456 2
"1346" 108500 1920 1950 250 710 0 960 960 0 0 960 1
"1347" 262500 1968 2003 297 1203 68 1568 2156 0 0 2156 2
"1348" 283463 2006 2007 80 1652 0 1732 1776 0 0 1776 2
"1349" 215000 1998 1998 1443 39 0 1482 1494 0 0 1494 2
"1350" 122000 1872 1987 259 425 0 684 938 1215 205 2358 2
"1351" 200000 1969 1969 500 748 0 1248 1338 1296 0 2634 2
"1352" 171000 1962 1962 319 539 0 858 858 858 0 1716 1
"1353" 134900 1937 2000 0 698 0 698 786 390 0 1176 1
"1354" 410000 1995 1996 816 1217 0 2033 2053 1185 0 3238 2
"1355" 235000 2000 2000 735 257 0 992 992 873 0 1865 2
"1356" 170000 1968 1992 0 570 0 570 1222 698 0 1920 3
"1357" 110000 1966 1966 340 524 0 864 892 0 0 892 1
"1358" 149900 1971 2008 734 344 0 1078 1078 0 0 1078 1
"1359" 177500 2000 2000 378 378 0 756 769 804 0 1573 2
"1360" 315000 2004 2005 1447 533 0 1980 1980 0 0 1980 2
"1361" 189000 1921 1998 0 612 0 612 990 1611 0 2601 3
"1362" 260000 2005 2005 1274 256 0 1530 1530 0 0 1530 2
"1363" 104900 1920 2007 0 715 0 715 1281 457 0 1738 2
"1364" 156932 2006 2007 0 616 0 616 616 796 0 1412 2
"1365" 144152 2005 2005 0 600 0 600 520 600 80 1200 2
"1366" 216000 2000 2000 533 281 0 814 814 860 0 1674 2
"1367" 193000 1999 1999 633 240 0 873 882 908 0 1790 2
"1368" 127000 1977 1977 548 36 173 757 925 550 0 1475 2
"1369" 144000 2003 2004 685 163 0 848 848 0 0 848 1
"1370" 232000 2003 2003 370 315 972 1657 1668 0 0 1668 2
"1371" 105000 1920 1950 315 420 105 840 840 534 0 1374 1
"1372" 165500 1955 1996 831 161 0 992 1661 0 0 1661 1
"1373" 274300 1998 1998 975 133 0 1108 1108 989 0 2097 2
"1374" 466500 2001 2002 1282 1351 0 2633 2633 0 0 2633 2
"1375" 250000 2005 2005 0 1026 0 1026 1026 932 0 1958 2
"1376" 239000 2007 2007 0 1571 0 1571 1571 0 0 1571 2
"1377" 91000 1930 1950 384 384 0 768 790 0 0 790 1
"1378" 117000 1941 1960 408 156 420 984 984 620 0 1604 2
"1379" 83000 1973 1973 309 174 0 483 483 504 0 987 1
"1380" 167500 2006 2007 0 384 0 384 754 640 0 1394 2
"1381" 58500 1914 1950 203 661 0 864 864 0 0 864 1
"1382" 237500 1970 1970 865 340 0 1205 2117 0 0 2117 2
"1383" 157000 1920 1950 0 596 0 596 998 764 0 1762 1
"1384" 112000 1918 2007 0 816 0 816 1416 0 0 1416 2
"1385" 105000 1939 1950 204 356 0 560 698 560 0 1258 1
"1386" 125500 1922 2007 735 61 0 796 796 358 0 1154 1
"1387" 250000 1978 1978 790 133 469 1392 1392 1392 0 2784 3
"1388" 136000 1916 1950 168 0 546 714 1664 862 0 2526 2
"1389" 377500 2006 2007 1320 426 0 1746 1746 0 0 1746 2
"1390" 131000 1941 1950 375 360 0 735 869 349 0 1218 1
"1391" 235000 2000 2000 1400 125 0 1525 1525 0 0 1525 2
"1392" 124000 1967 1967 0 1584 0 1584 1584 0 0 1584 2
"1393" 123000 1967 1967 769 95 0 864 900 0 0 900 1
"1394" 163000 1905 2000 0 482 0 482 1221 691 0 1912 2
"1395" 246578 2006 2006 1070 286 0 1356 1500 0 0 1500 2
"1396" 281213 2005 2006 0 1094 0 1094 1133 1349 0 2482 2
"1397" 160000 1948 1950 353 60 334 747 1687 0 0 1687 1
"1398" 137500 1920 2004 0 939 0 939 939 574 0 1513 1
"1399" 138000 1950 1982 180 676 352 1208 1136 768 0 1904 1
"1400" 137450 1925 1990 264 712 0 976 1160 448 0 1608 2
"1401" 120000 1929 1950 0 862 0 862 950 208 0 1158 1
"1402" 193000 2004 2004 759 80 0 839 864 729 0 1593 2
"1403" 193879 2006 2006 0 1286 0 1286 1294 0 0 1294 2
"1404" 282922 2007 2007 929 556 0 1485 1464 0 0 1464 2
"1405" 105000 1915 1950 0 672 0 672 694 520 0 1214 1
"1406" 275000 2004 2005 1373 221 0 1594 1646 0 0 1646 2
"1407" 133000 1972 2007 656 112 0 768 768 0 0 768 1
"1408" 112000 1985 1985 625 208 0 833 833 0 0 833 1
"1409" 125500 1910 1950 0 622 0 622 741 622 0 1363 1
"1410" 215000 1986 1991 0 791 0 791 1236 857 0 2093 2
"1411" 230000 2001 2001 666 278 0 944 944 896 0 1840 2
"1412" 140000 1950 2005 120 736 0 856 1112 556 0 1668 1
"1413" 90000 1949 1950 0 0 0 0 1040 0 0 1040 2
"1414" 257000 2005 2006 976 868 0 1844 1844 0 0 1844 2
"1415" 207000 1923 2000 0 833 0 833 1053 795 0 1848 1
"1416" 175900 2007 2007 988 398 0 1386 1569 0 0 1569 2
"1417" 122500 1885 1950 0 777 0 777 1246 1044 0 2290 2
"1418" 340000 1998 1998 781 503 0 1284 1310 1140 0 2450 2
"1419" 124000 1963 1963 25 247 872 1144 1144 0 0 1144 1
"1420" 223000 1969 1969 1110 734 0 1844 1844 0 0 1844 2
"1421" 179900 1968 1968 404 304 0 708 708 708 0 1416 2
"1422" 127500 1977 1977 360 709 0 1069 1069 0 0 1069 2
"1423" 136500 2003 2003 686 162 0 848 848 0 0 848 1
"1424" 274970 1966 1966 0 697 0 697 1575 626 0 2201 2
"1425" 144000 1958 1983 457 193 374 1024 1344 0 0 1344 1
"1426" 142000 1959 1959 0 1252 0 1252 1252 0 0 1252 1
"1427" 271000 1994 1994 1000 223 0 1223 1223 904 0 2127 2
"1428" 140000 1945 1950 580 333 0 913 1048 510 0 1558 1
"1429" 119000 1940 1992 510 278 0 788 804 0 0 804 1
"1430" 182900 1981 1981 678 762 0 1440 1440 0 0 1440 2
"1431" 192140 2005 2005 0 732 0 732 734 1104 0 1838 2
"1432" 143750 1976 1976 958 0 0 958 958 0 0 958 2
"1433" 64500 1927 2007 0 656 0 656 968 0 0 968 2
"1434" 186500 2000 2000 0 936 0 936 962 830 0 1792 2
"1435" 160000 1977 1977 936 190 0 1126 1126 0 0 1126 2
"1436" 174000 1962 2005 0 1319 0 1319 1537 0 0 1537 1
"1437" 120500 1971 1971 616 248 0 864 864 0 0 864 1
"1438" 394617 2008 2008 1336 596 0 1932 1932 0 0 1932 2
"1439" 149700 1957 1996 600 312 0 912 1236 0 0 1236 1
"1440" 197000 1979 1979 315 114 110 539 1040 685 0 1725 2
"1441" 191000 1922 1994 0 588 0 588 1423 748 384 2555 2
"1442" 149300 2004 2004 697 151 0 848 848 0 0 848 1
"1443" 310000 2008 2008 765 252 0 1017 1026 981 0 2007 2
"1444" 121000 1916 1950 0 952 0 952 952 0 0 952 1
"1445" 179600 2004 2004 0 1422 0 1422 1422 0 0 1422 2
"1446" 129000 1966 1966 187 0 627 814 913 0 0 913 1
"1447" 157900 1962 1962 593 595 0 1188 1188 0 0 1188 1
"1448" 240000 1995 1996 1079 141 0 1220 1220 870 0 2090 2
"1449" 112000 1910 2000 0 560 0 560 796 550 0 1346 1
"1450" 92000 1970 1970 553 77 0 630 630 0 0 630 1
"1451" 136000 1974 1974 0 896 0 896 896 896 0 1792 2
"1452" 287090 2008 2009 0 1573 0 1573 1578 0 0 1578 2
"1453" 145000 2005 2005 547 0 0 547 1072 0 0 1072 1
"1454" 84500 2006 2006 0 1140 0 1140 1140 0 0 1140 1
"1455" 185000 2004 2005 410 811 0 1221 1221 0 0 1221 2
"1456" 175000 1999 2000 0 953 0 953 953 694 0 1647 2
"1457" 210000 1978 1988 790 589 163 1542 2073 0 0 2073 2
"1458" 266500 1941 2006 275 877 0 1152 1188 1152 0 2340 2
"1459" 142125 1950 1996 49 0 1029 1078 1078 0 0 1078 1
"1460" 147500 1965 1965 830 136 290 1256 1256 0 0 1256 1
